41
66
100
128
206
237
279
370
443
470
512
525
544
574
606
611
668
669
695
750
752
764
786
820
829
895
903
933
935
962
973
979
1069
1082
1142
1171
1184
1204
1230
1243
1250
1326
1330
1338
1383
1406
1459
1471
1499
1556
1672
1747
1815
1843
1957
1975
2099
2101
2105
2164
2168
2183
2244
2317
2409
2448
2451
2541
2587
2604
2610
2647
2686
2696
2739
2755
2778
2800
2920
2988
3050
3101
3143
3268
3280
3337
3427
3440
3459
3507
3523
3615
3679
3683
3722
3762
3771
3797
3825
3831
3832
3841
3862
3951
3988
3997
4036
4123
4168
4174
4192
4209
4223
4267
4317
4324
4393
4421
4470
4482
4489
4498
4536
4551
4580
4584
4585
4592
4662
4705
4708
4737
4758
4773
4796
4849
4985
5002
5009
5013
5019
5033
5055
5068
5085
5108
5122
5264
5313
5356
5374
5378
5450
5458
5463
5564
5569
5634
5652
5677
5679
5697
5752
5768
5823
5831
5835
5838
5842
5909
5910
5913
6034
6043
6099
6134
6237
6269
6294
6340
6347
6359
6376
6379
6413
6462
6489
6511
6520
6548
6593
6622
6668
6687
6699
6771
6773
6780
6809
6885
6888
6891
6893
6939
6940
6967
7001
7059
7068
7096
7099
7141
7153
7173
7203
7291
7342
7381
7390
7409
7429
7481
7499
7599
7619
7625
7657
7808
7855
7863
7885
7899
7961
7993
8006
8052
8130
8139
8201
8204
8213
8259
8312
8347
8380
8383
8411
8417
8443
8444
8599
8671
8747
8775
8777
8791
8797
8862
8885
9000
9019
9083
9134
9231
9253
9286
9446
9462
9480
9495
9549
9568
9588
9628
9644
9683
9753
9778
9892
9893
9896
9928
9938
9982
10044
10087
10164
10219
10236
10270
10319
10322
10350
10389
10421
10445
10494
10554
10585
10589
10596
10673
10711
10716
10727
10769
10816
10848
10934
10993
11002
11127
11144
11152
11157
11168
11197
11207
11214
11227
11279
11393
11407
11412
11419
11482
11493
11540
11600
11623
11640
11662
11677
11717
11768
11773
11777
11787
11815
11867
11963
12006
12014
12024
12152
12180
12238
12261
12354
12401
12402
12403
12406
12466
12488
12562
12564
12622
12643
12706
12755
12856
12860
12900
12902
12923
12963
12967
13004
13024
13054
13085
13098
13103
13197
13235
13269
13401
13418
13476
13481
13506
13513
13517
13528
13632
13657
13665
13700
13707
13751
13801
13832
13836
13857
13903
13972
14015
14033
14122
14195
14212
14307
14364
14384
14421
14433
14442
14448
14539
14554
14580
14584
14651
14657
14717
14720
14813
14842
14965
15008
15035
15068
15108
15120
15137
15149
15169
15172
15175
15178
15188
15245
15252
15296
15331
15484
15498
15500
15517
15587
15673
15711
15719
15730
15740
15808
15822
15843
15856
15877
15903
15961
15992
16124
16171
16230
16243
16244
16276
16290
16325
16403
16419
16428
16439
16479
16525
16540
16548
16555
16622
16625
16640
16690
16765
16784
16796
16824
16955
17001
17044
17099
17160
17185
17254
17256
17261
17305
17365
17367
17430
17507
17510
17555
17621
17699
17744
17768
17919
18036
18056
18066
18135
18141
18154
18169
18186
18204
18209
18213
18221
18223
18224
18225
18299
18348
18368
18395
18479
18522
18558
18589
18641
18693
18730
18759
18763
18798
18924
18939
18952
19002
19036
19037
19039
19041
19067
19071
19119
19127
19137
19182
19258
19421
19428
19459
19473
19490
19492
19505
19529
19568
19570
19640
19721
19723
19741
19773
19790
19798
19813
19833
19840
19917
19941
20001
20016
20143
20159
20207
20303
20305
20328
20352
20380
20387
20405
20431
20460
20486
20498
20502
20521
20533
20550
20624
20629
20686
20688
20698
20725
20729
20730
20759
20779
20812
20817
20820
20821
20951
20967
21067
21199
21213
21219
21281
21298
21339
21348
21443
21464
21521
21592
21628
21670
21703
21720
21725
21735
21736
21766
21768
21772
21775
21789
21791
21802
21836
21856
21925
21998
22016
22025
22061
22129
22214
22223
22239
22260
22263
22277
22311
22351
22431
22434
22450
22455
22520
22540
22571
22605
22632
22785
22789
22813
22828
22891
22908
22982
23009
23010
23038
23101
23214
23241
23275
23345
23411
23433
23459
23478
23525
23532
23596
23610
23616
23650
23652
23730
23747
23748
23751
23763
23795
23796
23808
23872
23878
23900
23923
23926
23940
23976
24049
24077
24095
24146
24162
24167
24211
24221
24232
24266
24269
24302
24337
24372
24431
24460
24564
24612
24626
24663
24666
24668
24683
24687
24700
24713
24733
24743
24784
24837
24878
24898
24946
24953
25048
25070
25071
25084
25106
25115
25133
25150
25155
25170
25278
25361
25366
25394
25432
25448
25489
25513
25551
25556
25583
25695
25696
25712
25717
25725
25746
25752
25824
25830
25831
25890
25905
25924
25968
25970
25973
25993
25997
26046
26079
26091
26118
26123
26204
26249
26306
26312
26356
26359
26367
26370
26472
26511
26534
26554
26601
26620
26759
26762
26764
26771
26789
26852
26979
27070
27088
27105
27127
27134
27151
27169
27189
27218
27255
27266
27292
27293
27348
27406
27417
27491
27544
27571
27595
27611
27706
27774
27823
27827
27892
27966
27988
28011
28056
28066
28120
28147
28170
28172
28180
28216
28236
28245
28258
28276
28328
28344
28380
28480
28553
28645
28749
28770
28790
28820
28854
29003
29110
29131
29139
29157
29159
29241
29249
29269
29279
29321
29323
29347
29382
29387
29406
29437
29477
29495
29529
29548
29563
29593
29608
29617
29624
29656
29727
29809
29816
29884
29892
29898
29902
29904
29905
29934
29979
30029
30120
30138
30140
30161
30250
30255
30257
30269
30348
30356
30365
30380
30385
30386
30394
30411
30491
30545
30604
30615
30810
30815
30858
30890
30899
30907
30969
31031
31034
31057
31076
31101
31133
31155
31185
31237
31255
31333
31358
31411
31434
31436
31439
31485
31491
31505
31538
31593
31617
31661
31695
31703
31732
31771
31772
31783
31878
31898
31932
31941
31973
32009
32018
32045
32113
32194
32200
32253
32470
32514
32554
32587
32602
32624
32706
32739
32740
32760
32871
32932
32971
32993
33032
33092
33102
33132
33200
33240
33259
33270
33280
33295
33379
33385
33430
33464
33543
33551
33593
33602
33619
33702
33706
33716
33726
33727
33752
33759
33770
33864
33926
33970
33987
34005
34027
34047
34057
34070
34078
34118
34150
34161
34190
34227
34285
34305
34315
34360
34441
34490
34499
34510
34528
34566
34612
34655
34700
34705
34724
34751
34790
34822
34842
34899
34901
34905
34917
34919
34941
34952
34997
35031
35032
35042
35109
35118
35140
35165
35168
35179
35182
35205
35288
35317
35383
35387
35398
35402
35408
35435
35443
35458
35488
35542
35581
35607
35666
35673
35741
35760
35788
35805
35822
35844
35865
35892
35915
35995
36026
36036
36054
36109
36161
36168
36190
36228
36231
36234
36238
36270
36326
36365
36384
36431
36471
36489
36527
36558
36611
36682
36720
36797
36841
36864
36890
36901
36927
36928
36993
37086
37228
37234
37245
37272
37277
37290
37410
37466
37497
37539
37617
37627
37699
37703
37717
37723
37761
37797
37876
38004
38052
38089
38092
38096
38126
38151
38152
38216
38275
38286
38306
38341
38422
38491
38553
38571
38727
38732
38753
38766
38776
38801
38829
38833
38851
39027
39038
39052
39116
39122
39130
39134
39138
39146
39206
39214
39239
39257
39270
39276
39323
39378
39398
39452
39509
39514
39560
39608
39630
39788
39802
39817
39833
39837
39889
39989
39999
40112
40117
40142
40147
40180
40367
40438
40447
40571
40665
40696
40737
40769
40784
40792
40796
40828
