9
109
160
214
313
623
795
849
1060
1363
1463
1596
1766
1784
1897
1956
1969
2180
2469
2476
2574
2608
2676
2694
2733
2751
2766
2769
2782
2784
2885
2908
2984
3111
3317
3467
3481
3575
3613
3660
3971
3999
4341
4360
4941
5043
5491
5585
5671
5786
5879
6026
6275
6465
6487
6515
6575
6870
7003
7115
7116
7124
7159
7250
7259
7329
7402
7692
7841
8252
8536
8594
8673
8701
8839
8912
9014
9100
9170
9341
9488
9513
9515
9619
9623
9663
9717
9731
9829
9834
10014
10223
10412
10528
10695
10738
11438
11501
11708
11846
11936
11964
12023
12064
12124
12282
12329
12342
12640
12676
13091
13094
13195
13327
13340
13454
13479
13690
13699
13754
13792
13890
14094
14368
14666
14675
14706
14743
14772
14860
15156
15200
15281
15448
15542
15575
15579
15621
15750
16125
16240
16402
16694
16699
16775
16882
16959
17319
17432
17536
17549
17612
17669
17730
17747
17848
17929
18023
18256
18276
18293
18580
18794
18859
19174
19367
19713
19890
20108
20124
20225
20261
20263
20297
20506
21097
21200
21355
21411
21427
21538
21972
22164
22272
22402
22418
22514
22906
23074
23081
23232
23811
23820
23946
24246
24648
24673
24758
24915
24928
24970
24979
24986
25256
25346
25538
25548
25655
25956
25963
26019
26167
26277
26316
26368
26513
26518
26627
26660
26700
26773
26824
26911
26960
27074
27206
27227
27291
27311
27318
27449
27453
27496
27858
28138
28212
28218
28406
28897
29021
29106
29154
29180
29242
29329
29380
29421
29704
29757
29779
29789
30209
30499
30504
30613
30619
30636
30775
30842
30853
30938
31087
31382
31525
31677
31708
31827
31834
31890
32193
32352
32522
32744
32832
32927
32931
32979
32982
32992
33006
33311
33316
33341
33419
33557
33594
33737
33761
34054
34085
34132
34196
34300
34338
34443
34476
34501
34548
34730
34798
34897
35071
35078
35097
35104
35114
35158
35207
35289
35293
35357
35433
35456
35490
35615
35636
35658
35904
36080
36119
36220
36244
36302
36328
36336
36559
36632
36681
36693
36734
36874
37716
37731
37857
37890
37942
38249
38349
38446
38461
38492
38756
38921
39158
39174
39803
39874
40042
40171
40359
