8
171
196
208
247
426
560
595
614
655
691
808
833
855
884
958
995
1003
1044
1065
1092
1130
1312
1320
1329
1333
1380
1486
1540
1549
1574
1654
1668
1677
1693
1697
1702
1809
1812
1913
1993
2007
2008
2009
2030
2039
2051
2102
2138
2188
2216
2356
2358
2390
2434
2454
2463
2502
2644
2750
2763
2770
2972
2996
3068
3072
3077
3176
3222
3231
3242
3315
3377
3411
3426
3443
3468
3476
3478
3489
3502
3565
3719
3723
3792
3804
3833
3938
3958
3965
4078
4096
4252
4255
4375
4486
4508
4549
4625
4641
4672
4756
4810
4844
4955
4999
5138
5178
5193
5212
5229
5234
5237
5251
5269
5297
5337
5375
5407
5430
5612
5635
5712
5759
5793
5883
5893
5916
5946
5985
6003
6023
6058
6080
6143
6153
6174
6224
6225
6315
6402
6443
6451
6509
6545
6555
6669
6683
6706
6764
6787
6790
6810
6868
6943
6958
6974
6975
7061
7092
7299
7378
7504
7558
7674
7777
7919
7994
8107
8135
8142
8173
8188
8236
8294
8328
8337
8363
8376
8385
8403
8600
8605
8620
8639
8662
8682
8749
8811
8828
8909
8987
9108
9153
9175
9218
9264
9296
9297
9379
9415
9435
9649
9702
9746
9773
9802
9805
9887
9995
10032
10039
10186
10233
10277
10321
10351
10379
10390
10475
10631
10638
10676
10692
10713
10803
10843
10846
10919
10958
10987
11055
11115
11307
11308
11402
11404
11441
11488
11529
11530
11541
11561
11565
11726
11734
11906
11914
11917
11981
12162
12175
12235
12284
12299
12324
12477
12616
12658
12704
12705
12711
12816
12867
12934
13007
13071
13134
13294
13297
13341
13346
13475
13478
13507
13572
13595
13609
13713
13770
13843
13859
13860
13946
13957
13979
13994
14044
14072
14118
14123
14213
14232
14243
14344
14501
14530
14546
14627
14632
14639
14652
14668
14676
14678
14838
14848
14974
14983
15046
15081
15093
15126
15173
15176
15262
15462
15482
15485
15539
15613
15698
15704
15706
15747
15839
16018
16023
16056
16067
16092
16138
16140
16284
16311
16333
16345
16359
16373
16418
16442
16506
16515
16590
16620
16654
16701
16705
16721
16790
16856
16967
16970
16971
17125
17150
17152
17236
17446
17470
17513
17550
17551
17580
17681
17707
17751
17809
17870
17927
17960
17965
17968
17973
17978
17986
17990
18024
18150
18173
18208
18212
18337
18413
18459
18524
18526
18541
18627
18643
18648
18655
18662
18663
18691
18754
18779
18795
18911
18938
18998
19157
19166
19184
19194
19294
19295
19315
19514
19531
19561
19671
19703
19756
19826
19830
19855
19905
20082
20094
20150
20259
20266
20359
20388
20407
20441
20458
20475
20519
20552
20694
20733
20768
20777
20868
20939
20949
20968
20975
20977
20984
20985
20989
21043
21087
21122
21161
21217
21264
21305
21365
21440
21539
21727
21743
21758
21835
21879
21915
21967
21978
21999
22005
22047
22255
22422
22475
22516
22587
22756
22874
22919
22961
23024
23027
23071
23096
23128
23130
23229
23230
23313
23359
23409
23428
23438
23454
23456
23464
23488
23531
23546
23557
23713
23724
23743
23756
23772
23827
23853
23960
24080
24121
24127
24276
24290
24327
24350
24389
24402
24450
24548
24603
24631
24633
24635
24665
24762
24764
24777
24902
24966
24969
24987
25008
25095
25339
25364
25417
25478
25487
25498
25504
25639
25677
25689
25744
25771
25834
25935
25983
26120
26308
26343
26366
26432
26453
26475
26525
26585
26588
26623
26792
26875
26899
26919
26923
26975
27009
27058
27098
27110
27132
27209
27268
27327
27405
27452
27647
27648
27661
27687
27818
27829
27845
27905
27950
27956
27990
27998
28090
28195
28228
28257
28362
28379
28415
28449
28506
28531
28673
28761
28826
28851
28912
28941
29078
29122
29177
29255
29281
29282
29289
29516
29521
29530
29545
29586
29662
29663
29710
29754
29776
29784
29825
29937
29986
30060
30110
30137
30222
30280
30301
30345
30398
30458
30534
30614
30662
30754
30834
30838
30915
30919
30920
30943
30970
30984
31058
31069
31078
31184
31248
31269
31282
31356
31442
31512
31611
31616
31687
31714
31747
31750
31776
31789
31801
31844
31970
32008
32095
32139
32168
32188
32203
32205
32279
32323
32329
32403
32411
32413
32447
32525
32526
32586
32600
32609
32622
32634
32658
32671
32689
32711
32749
33072
33166
33222
33282
33372
33377
33431
33435
33436
33455
33493
33537
33569
33613
33634
33675
33680
33745
33794
33798
33824
33832
33842
33996
34022
34120
34185
34265
34328
34329
34330
34413
34422
34518
34553
34569
34695
34699
34755
34769
34807
34816
34946
35029
35049
35106
35156
35183
35312
35339
35361
35399
35400
35461
35480
35519
35520
35545
35553
35618
35690
35787
35811
35839
35848
35948
36064
36139
36160
36213
36259
36268
36324
36354
36412
36459
36556
36589
36619
36622
36628
36894
36979
37001
37041
37049
37102
37107
37112
37172
37242
37324
37343
37344
37347
37385
37413
37454
37480
37515
37525
37558
37563
37662
37756
37766
37773
37793
37810
37859
37925
37997
38113
38127
38137
38147
38188
38237
38269
38321
38339
38380
38543
38578
38641
38643
38689
38695
38748
38769
38815
38863
38952
39017
39019
39042
39074
39145
39268
39498
39618
39632
39671
39733
39834
39851
39960
40050
40192
40219
40240
40257
40386
40483
40496
40598
40601
40615
40640
40753
40798
