111
132
189
295
331
496
533
602
644
682
722
791
796
847
874
886
980
1031
1065
1084
1141
1199
1296
1332
1450
1457
1524
1527
1590
1658
1759
1764
1820
1834
1954
1988
2069
2131
2143
2195
2293
2297
2312
2389
2422
2432
2462
2472
2478
2521
2549
2598
2679
2682
2926
2959
2976
3006
3033
3042
3106
3154
3192
3196
3238
3259
3347
3497
3528
3533
3692
3789
3852
3902
3934
3936
4031
4107
4136
4254
4316
4432
4447
4500
4506
4623
4650
4669
4728
4729
4755
4863
5063
5094
5106
5179
5181
5225
5228
5257
5258
5352
5384
5410
5429
5439
5447
5619
5696
5844
5850
5877
6002
6012
6027
6118
6279
6327
6367
6397
6415
6443
6522
6612
6639
6683
6685
6690
6796
6799
6804
6895
6944
6945
7008
7051
7078
7084
7120
7207
7219
7273
7319
7484
7507
7622
7666
7722
7742
7744
7784
7913
8002
8062
8090
8242
8414
8415
8520
8525
8622
8625
8638
8643
8659
8684
8688
8730
8740
8813
8827
8878
9025
9169
9176
9186
9207
9276
9348
9359
9367
9410
9442
9578
9586
9614
9666
9734
9748
9805
9903
9926
10061
10068
10121
10173
10210
10242
10245
10254
10305
10330
10414
10480
10612
10619
10709
10714
10804
10840
10846
10916
10921
10989
11114
11141
11151
11180
11199
11228
11292
11330
11347
11443
11590
11603
11659
11670
11704
11734
11845
11864
11872
11966
12029
12047
12081
12149
12183
12325
12343
12397
12461
12500
12519
12615
12632
12695
12836
12879
12958
13042
13062
13080
13178
13198
13222
13224
13247
13364
13453
13541
13680
13734
13835
13850
13866
14009
14223
14290
14415
14451
14490
14511
14569
14663
14721
14773
15004
15060
15088
15099
15113
15153
15187
15250
15270
15276
15289
15368
15454
15458
15464
15482
15596
15651
15747
15829
15872
15990
16099
16172
16180
16302
16319
16517
16530
16577
16584
16609
16639
16645
16677
16762
16834
16836
16859
16896
16940
16988
16993
17053
17091
17101
17267
17273
17336
17359
17452
17475
17561
17567
17593
17620
17694
17734
17793
17843
17892
17896
17956
17975
17990
18140
18147
18232
18275
18372
18392
18394
18437
18447
18459
18467
18624
18701
18771
18784
18839
18886
18949
18981
18993
18994
19087
19134
19267
19277
19343
19347
19420
19464
19495
19510
19533
19588
19601
19611
19659
19708
19752
19802
19816
19822
19970
20197
20221
20246
20424
20579
20714
20716
20738
20765
20774
20805
20808
20937
21032
21034
21094
21176
21180
21251
21318
21320
21413
21416
21465
21471
21498
21619
21744
21749
21901
21932
21942
21962
22033
22050
22092
22116
22607
22630
22663
22732
22842
22901
22917
22952
23059
23064
23065
23104
23226
23229
23236
23318
23326
23372
23396
23419
23437
23439
23477
23536
23539
23600
23949
23958
23970
24014
24031
24066
24104
24131
24267
24296
24307
24358
24371
24400
24424
24449
24505
24535
24577
24605
24745
24759
24833
24864
24877
24912
25029
25080
25090
25112
25134
25147
25168
25325
25377
25383
25413
25420
25532
25592
25742
25951
25999
26067
26100
26131
26165
26178
26198
26206
26280
26291
26482
26557
26614
26757
26812
26945
27048
27056
27278
27335
27338
27451
27460
27470
27481
27515
27587
27591
27596
27663
27708
27720
27777
27797
27883
27929
27977
28025
28103
28118
28133
28157
28162
28233
28309
28464
28519
28569
28589
28623
28670
28786
29030
29037
29060
29072
29177
29217
29271
29340
29348
29379
29488
29504
29690
29709
29758
29790
29839
29881
29948
29985
30020
30037
30059
30099
30139
30193
30224
30262
30266
30366
30377
30459
30465
30568
30579
30673
30702
30734
30902
31026
31099
31111
31127
31235
31276
31369
31446
31773
31900
31916
32046
32057
32082
32100
32192
32199
32291
32411
32469
32582
32636
32678
32681
32708
32734
32764
32783
32830
32847
32894
32906
32933
32999
33031
33103
33372
33402
33417
33468
33589
33665
33697
33719
33723
33961
33988
34071
34286
34301
34313
34371
34387
34392
34412
34478
34492
34529
34594
34661
34734
34768
34772
34847
34874
34978
34985
35025
35101
35210
35233
35270
35334
35344
35362
35414
35434
35457
35469
35481
35484
35814
35908
35965
35977
35992
36129
36189
36194
36251
36263
36306
36344
36349
36613
36617
36653
36668
36698
36716
36723
36995
37175
37240
37286
37339
37361
37376
37451
37561
37573
37613
37689
37708
37715
37760
37893
37912
37988
38018
38037
38082
38132
38175
38367
38373
38503
38520
38555
38574
38598
38710
38730
38764
38798
38803
38804
38958
38966
38982
39016
39045
39241
39247
39506
39563
39677
39678
39698
39724
39906
39952
39959
39965
40027
40049
40133
40222
40307
40406
40448
40605
40789
40813
40852
