604
1782
1931
2109
2248
2628
3041
3452
3612
3921
5573
5901
6431
6936
7016
7311
8205
8251
8373
9024
9289
9538
10283
10885
10915
11261
12052
12655
13040
14892
15190
15329
15722
16006
16420
17086
17414
17480
18334
18729
18852
19372
19717
20269
20787
21514
21904
22126
22665
23201
23203
23283
23673
23861
24022
24730
25216
26098
27739
28034
28269
28608
28843
28960
29136
30772
31567
31874
32184
32808
33075
33105
34133
34334
34471
34640
35746
35826
36240
36713
37222
37971
38034
38054
38298
38943
39770
40290
40574
