4881
9125
10366
4149
12052
22567
39012
14463
24168
23367
13907
7445
6938
23115
12838
20672
16376
21208
26470
18525
14273
22843
16275
4775
37408
23446
23750
3947
34154
12783
30522
34107
8138
40080
19389
23207
18523
9270
2611
12742
17683
37411
22257
20742
23430
37333
16516
19207
21404
19112
31807
33595
33934
19318
20955
37075
9553
27772
16930
15747
18194
24172
11414
14698
12349
24001
40574
9289
34508
18315
9805
7860
22842
17253
18960
4500
35724
19502
30478
36130
24086
35055
30772
35716
6036
20408
10384
18047
2923
6254
14876
39045
24161
6497
27462
12347
662
38515
17835
1282
29097
9735
40747
12866
23477
38569
21858
13736
6957
7967
13755
4458
37953
31258
3116
12527
40852
13035
20637
21034
38028
35944
21808
6858
1627
12536
34984
16803
2372
6336
12293
7078
436
12736
9357
28436
29192
5258
569
21695
17324
27958
37352
23715
5765
40642
3856
20758
9050
12089
23322
32508
20946
24719
22781
19811
9055
37258
32820
22903
19407
40136
18277
2726
35780
35925
34137
5836
19051
29221
26303
10699
20248
14143
35060
3587
13072
28495
29528
7344
32267
39942
24778
362
2754
7774
13305
9289
9805
38247
