13657
13601
10852
3308
760
23530
20440
36158
39398
29477
31179
36890
10042
22025
33528
443
7790
30122
28147
1434
11022
5967
17989
25911
38642
28901
31045
22477
20026
36108
29306
32850
25996
34526
11714
40251
157
15731
30720
16230
5549
38732
7712
14992
19953
30642
15272
31321
24337
8176
32849
39777
24179
31638
37492
5789
20100
14809
19917
9623
21718
16466
38430
40837
5896
24999
25616
11215
23241
17288
21163
38165
29440
19560
13855
36165
22827
37556
30545
32218
7002
1417
13996
14443
11157
34893
27078
40129
26960
24153
31103
8594
32931
1547
4308
4953
11675
7349
16959
31
35278
31087
8588
849
9341
15855
15882
18023
3575
18893
24747
5043
25346
4360
15962
3751
8068
30619
35357
2784
5071
8712
18863
2769
3999
33811
39174
23074
20225
7812
6026
22418
12798
26277
39874
12124
8211
35114
16231
29290
3419
36960
25386
34798
34300
16320
27318
31827
30721
7029
22140
35158
18891
34085
8859
26660
22235
10905
35636
21411
18794
15707
15920
30194
33311
18256
36302
2733
1060
2662
18847
35078
28406
14094
20506
18580
36080
31212
33355
5302
14666
13340
24714
9834
5856
31890
27637
12342
29021
2590
26518
32832
24721
17020
28297
3810
7419
4553
25414
27035
40097
2485
8864
35847
14443
11157
34963
1578
37511
17717
25827
