9125
21753
33173
12052
11101
33242
19699
11146
9805
33075
9289
30596
26470
37503
8138
28608
40290
11734
1044
35226
34652
37473
33747
2047
18465
5312
27424
10393
40554
37230
33754
12199
40167
16930
15747
7665
23634
24172
16490
37772
36787
32705
17252
24595
4971
38736
33947
4915
18738
11414
13189
37633
30539
40226
9080
39165
9289
9805
33075
22842
18960
10619
25877
33368
26096
30478
37893
13198
21244
16584
30772
3270
38057
27720
4500
18587
35055
31631
7273
20408
39045
17561
8242
17843
23477
21858
14663
5877
4458
847
31258
40852
28623
27146
30059
23107
20756
22952
2237
13247
34768
22649
34066
20743
34965
5982
11498
31111
33509
21034
16836
7602
11587
2372
21401
12293
7078
436
9357
5258
19717
29177
2628
3041
3852
28843
27739
9289
36713
23283
22293
38634
27795
604
9805
36361
33075
3921
13040
34471
14830
15065
8373
5573
