37228
36158
31358
19723
36890
19003
20026
32849
9623
23241
14443
35155
11157
23222
26960
12407
31103
8234
8594
15480
10279
23494
2104
33337
4308
1547
13397
2066
10984
30008
32290
8923
35053
4819
40
35966
32931
1480
30107
14599
16959
31
2003
28212
19974
35403
8541
35278
23929
31087
15855
3575
25346
14688
33301
26978
34235
20963
1202
12310
34325
38605
16761
32869
15203
21412
120
33448
10927
16766
7126
9695
11732
27386
5185
35255
35860
17344
15348
39127
9240
29650
32098
24571
29327
8105
28759
38225
1492
35391
19692
8510
31808
40231
11225
25018
4422
27210
6201
35325
34840
11973
29606
1217
1076
9624
28208
30619
6864
12346
7010
2784
8712
23694
35407
16141
12073
3396
27839
15697
31893
38255
13060
5044
14308
20813
18276
11515
18668
24917
14835
40773
12798
26277
24955
34923
15304
23660
38789
11
18338
29290
36506
4288
29963
25368
16844
22544
25324
3055
34300
16320
27155
11190
32177
26455
30051
18175
26137
8618
7029
27548
14416
37696
31089
35371
34777
35392
23620
9685
32217
35957
2575
8578
17354
22528
24289
39205
10129
19312
34372
19805
12390
819
3124
4991
14920
40631
32485
3391
7345
21510
24807
24866
31271
33815
32454
37239
1513
29599
20506
27925
16411
5792
3935
10677
6158
12955
12245
35056
21935
14844
39520
11041
21268
18872
14666
23971
18121
8079
14039
11830
6517
27198
14091
14190
17910
35364
38219
40800
35633
29936
11139
20104
13314
39459
11380
11063
4778
22418
7586
31659
39468
22888
34896
18977
30337
36599
16492
21821
3419
8304
2892
20337
21729
5503
302
35024
28783
507
11829
7231
31004
24652
5324
10905
22297
34621
34610
38081
15710
25011
29644
10725
37390
3383
31073
3350
34622
13891
11087
38521
31019
9922
36302
5168
39449
20860
34011
19291
4428
34369
35078
21184
22821
19934
21078
30082
4264
3623
31394
17626
18580
9066
26529
4185
35342
33494
13726
5302
37418
4268
17327
16913
19008
29722
20751
18863
2769
3999
1798
27806
35424
5250
40575
27136
10271
1632
20225
3113
10344
5016
6705
7503
30406
3572
34708
1739
16463
33180
35589
697
2318
33701
27833
20286
35098
18751
37927
35909
33965
20406
21203
38703
33087
6167
9697
12493
22519
13875
38999
792
37678
23890
3927
18891
27725
27748
36021
14228
21411
27521
13175
18794
5466
40276
39455
30441
2553
21455
27680
9738
7710
21767
8833
10942
20024
14942
20537
3495
30481
37935
16958
28327
9047
8224
34192
23602
26269
9935
8781
29760
8424
34584
32152
11562
37714
7147
369
38036
18506
15059
23873
22246
21712
6329
39310
31202
117
2810
21312
39577
38388
3204
28931
30967
37907
19712
30331
5745
28554
2443
25780
12512
6441
17522
6886
21385
6026
1873
17097
17155
12071
39375
16440
8253
36175
38887
38444
17332
16570
35114
17424
25801
2975
13744
2747
39417
5022
13203
26971
2348
13833
9242
22321
8372
19151
11234
8713
16860
32908
39587
28210
12474
23043
8480
17917
5074
1088
13129
22710
23190
18256
17780
25465
27372
22894
10728
11413
13037
36319
35768
10687
3773
15515
22935
34884
11553
16724
1060
35873
2662
17577
40025
219
22862
8644
34628
25674
24980
10191
3451
2861
951
24033
85
24684
10889
28038
27815
24427
29625
21004
19903
40432
5856
31890
10131
12342
15066
8535
24721
16114
3382
36594
24867
34966
10077
5144
37777
24937
14443
11157
25584
21290
7738
37579
23652
19321
34963
