146
297
1143
1385
1758
2033
2035
2074
2597
2614
2624
2676
3291
3483
3693
3720
4239
4792
5289
5465
5799
6199
6324
7129
8063
8075
8427
8514
8908
10616
10664
10853
11113
11388
13327
13893
14374
14443
15135
15243
15440
16015
16141
16461
16699
16728
16766
18753
19174
19275
19692
19914
20154
20981
21058
21070
22010
22191
22418
22619
23269
23661
23811
24311
24481
24948
25173
25234
25909
26425
26670
26728
27765
27778
27900
28043
28738
28829
29094
29300
29453
29454
29960
30015
30168
30279
30288
30749
30842
31368
31563
31643
32646
32921
32935
33194
33229
33651
33999
34021
34183
34957
34963
35266
36756
37338
37422
37531
37554
37710
37731
38461
38701
38845
39046
39803
40253
40503
40805
