11
40
382
507
719
756
792
819
951
996
1027
1060
1076
1094
1163
1197
1202
1217
1397
1412
1440
1479
1480
1492
1513
1535
1671
1758
2003
2033
2037
2066
2104
2336
2348
2459
2493
2553
2572
2676
2709
2769
2784
2858
2861
2892
2917
3055
3124
3160
3382
3383
3391
3451
3532
3575
3623
3773
3816
3830
3908
3937
3999
4172
4185
4264
4268
4269
4282
4387
4422
4428
4554
4602
4613
4639
4772
4812
4870
4979
5016
5022
5024
5074
5078
5148
5259
5355
5465
5466
5503
5760
5811
5812
5873
6026
6165
6188
6190
6313
6441
6477
6501
6517
6537
6606
6654
6661
6711
6982
7040
7085
7147
7158
7261
7362
7435
7835
7870
7963
7969
8060
8079
8253
8291
8360
8424
8480
8510
8535
8566
8578
8594
8626
8644
8781
8833
8976
9023
9047
9072
9105
9120
9154
9240
9524
9593
9623
9654
9695
9738
9795
9809
9979
9998
10129
10131
10171
10271
10279
10344
10593
10687
10725
10728
10777
10867
10889
10927
10942
11063
11139
11154
11204
11225
11277
11413
11515
11553
11609
11642
11658
11665
11686
11711
11764
11829
11830
11965
12071
12073
12198
12245
12342
12346
12375
12407
12474
12493
12512
12571
12609
12631
12690
12718
12893
12955
12985
13029
13060
13104
13121
13126
13135
13175
13190
13203
13210
13299
13314
13361
13397
13469
13518
13624
13709
13726
13742
13744
13790
13833
13884
13891
13986
14091
14144
14190
14228
14301
14306
14308
14363
14443
14516
14538
14599
14666
14674
14844
14859
14886
14915
15059
15174
15349
15480
15534
15710
16141
16254
16293
16308
16398
16411
16463
16470
16603
16697
16699
16766
16844
16860
16959
16968
17067
17097
17155
17201
17265
17291
17340
17444
17522
17732
17780
17934
17969
18076
18115
18121
18201
18256
18276
18338
18359
18472
18506
18580
18751
18794
18814
18872
19008
19151
19225
19229
19291
19312
19321
19422
19423
19525
19624
19692
19734
19799
19805
19903
20024
20104
20225
20334
20466
20491
20506
20537
20770
20778
20839
20876
20938
21004
21092
21123
21134
21157
21167
21248
21268
21287
21312
21411
21612
21747
21767
21770
21821
22010
22014
22094
22136
22246
22297
22338
22418
22470
22492
22528
22547
22763
22821
22823
22862
22935
23080
23155
23190
23240
23323
23694
23838
23867
23890
23971
24033
24173
24289
24340
24347
24375
24554
24571
24598
24652
24684
24689
24761
24807
24831
24866
24982
25011
25192
25324
25346
25470
25780
25801
25820
26040
26072
26269
26277
26347
26455
26480
26537
26561
26580
26715
26901
26951
26958
26960
26971
26992
27065
27104
27163
27195
27352
27372
27402
27548
27569
27593
27690
27719
27725
27748
27806
27814
27833
28072
28122
28212
28473
28554
28642
28658
28759
28776
28783
28875
28931
28982
28990
29101
29152
29304
29403
29588
29599
29601
29606
29625
29644
29653
29760
29836
29925
29936
29963
30040
30107
30172
30209
30331
30347
30441
30449
30481
30598
30619
30660
30697
30824
31004
31019
31073
31087
31097
31271
31392
31473
31519
31592
31601
31637
31873
31882
31890
31893
32005
32123
32135
32152
32217
32280
32290
32296
32319
32485
32834
32869
32908
32927
32931
33180
33244
33274
33448
33749
33762
33815
33831
33833
33965
34017
34020
34039
34169
34235
34246
34300
34367
34462
34584
34621
34708
34777
34794
34818
34840
34884
34907
34963
34966
34996
35017
35024
35053
35078
35080
35098
35114
35151
35255
35325
35364
35379
35403
35407
35424
35447
35589
35651
35769
35770
35860
35873
35909
35946
36051
36082
36302
36329
36347
36506
36599
36719
36726
36757
36802
37281
37302
37390
37678
37731
37777
37800
37840
37907
37931
38013
38036
38103
38222
38255
38273
38274
38444
38605
38628
38677
38887
38950
38983
38999
39067
39082
39195
39205
39310
39417
39449
39459
39474
39487
39520
39572
39577
39587
39669
39694
39843
39939
40025
40055
40069
40074
40229
40276
40309
40342
40428
40432
40773
40800
