11289
22304
29506
26772
27482
28748
3765
39910
6626
8619
23171
38476
31228
2433
1314
6676
24071
5730
26664
7395
25290
30656
24838
28638
22598
25253
11938
16711
9930
18963
20497
14498
1729
8822
14791
8991
21492
10318
8647
19516
29840
2820
40785
2288
32268
32714
1045
33140
33521
40724
6096
24722
10033
2040
10863
31572
8550
11274
29852
20088
21700
12846
13148
30712
4922
25120
137
11403
9712
25784
33828
31448
1638
30333
9852
9957
30489
4383
29691
27144
16742
20930
1446
18734
27019
31560
8416
20767
39015
20439
165
28026
24770
36759
40463
8377
19916
36185
37518
26866
32620
21779
34055
1297
39311
34083
5892
37616
38974
18108
26621
20464
23316
13049
35136
36000
15767
9526
27254
34998
8124
5918
1026
19532
38858
361
29385
38923
26729
28911
34748
31413
3895
24224
28582
22539
39661
13472
15376
34733
12356
28008
27469
34539
2264
15205
27122
16091
22445
35304
15944
22642
15985
17994
2789
22966
30514
1399
20913
26420
11657
30246
22105
14287
19208
37128
15682
18623
19270
38335
40602
14053
29622
16362
18214
11849
4591
19927
31742
35
40003
3210
16071
35117
19765
15401
37250
184
6583
6904
7614
26022
17498
35691
20856
30443
38190
13399
3007
8033
8899
21921
37576
8365
38115
8449
34644
9733
4751
7756
36647
9602
9698
37047
29494
40621
19314
9881
411
22746
17262
23471
11934
39738
425
38909
17002
12832
22840
26185
24092
33227
9299
17582
7989
19252
12000
14090
3070
5295
18037
33612
11466
35068
27346
9168
22399
18285
31270
32273
6552
23301
7897
2046
23334
39522
30843
17592
4092
37266
37400
5975
11901
8448
35967
8823
8940
17463
36323
24706
11915
14230
38228
5560
28194
17075
15159
29405
18043
37372
34722
10361
14324
39784
16632
18471
6252
21645
36798
16497
39437
17722
30087
7254
10177
36783
13107
15061
22518
17458
14994
32831
39313
6404
30830
29917
40255
8767
4921
11102
34858
35062
18030
3052
19228
25893
8551
37122
9987
8260
12882
40416
13128
19348
1146
17149
11181
20633
33470
32222
26315
21232
34447
39551
40771
27955
29061
873
14633
25641
38582
12625
31233
7610
13465
13913
10496
8399
18134
32406
10926
21131
39856
22876
15746
38044
18329
22978
18298
19011
12914
39657
14437
30063
13509
578
26969
8147
25573
37832
18227
12120
9916
21218
39003
348
28794
14822
10488
5210
15338
27738
19388
5470
30808
30648
3646
11792
39567
624
14644
34729
31330
3981
9543
20569
11447
13492
7134
19769
101
8841
13765
213
28382
21929
1712
1185
20539
36542
27233
2314
24793
1851
17606
14732
22841
39137
36438
3996
25381
33306
29342
6024
29390
21800
23503
29635
39640
4777
2703
17941
4767
28629
34694
17285
21637
27668
5454
34006
16578
22146
4629
29547
20375
3778
6543
34291
26114
12524
28114
5753
20025
31456
19964
19001
21887
22441
1664
20180
6384
22411
24769
6512
19162
35747
4618
13350
12449
24177
40508
5666
19406
24959
39880
23780
31249
22766
20541
3130
24540
20836
30681
7874
20576
7364
18707
16121
30303
31001
16383
11242
29921
13774
2542
8904
15165
9815
36519
9436
9584
36520
21553
32985
13359
40187
25388
18634
8280
13768
6879
33123
6989
35238
7456
7854
36192
26459
8734
26469
16491
594
33755
14800
14903
7908
30189
31591
27992
39603
34890
15311
39589
517
8199
631
15829
10450
11163
15614
24333
21351
38754
29731
6984
29371
32358
24208
2461
15999
2487
36503
7565
20943
15115
38167
17834
39362
7859
5219
9722
1420
38404
39408
30700
11810
9939
22981
13981
23677
20659
7914
1335
3005
21976
32573
22869
16899
3073
18248
37655
4601
11654
38562
27888
6651
31756
28665
11874
14206
1660
27598
33810
14293
18125
31275
14832
18272
11129
34707
40812
12750
28411
31289
3636
32190
37115
7175
21467
12111
39466
38686
32746
34213
6205
15684
6452
12939
6298
7604
21593
35840
11822
21088
18642
31352
18702
9400
18870
14821
7477
31697
12482
10278
2855
34531
25708
31557
4622
2370
5488
40327
20669
36832
32022
35662
6840
5611
8005
15571
10917
23701
7773
24180
39614
8357
9741
33392
14880
22657
9333
4568
38254
23335
22327
13140
3787
27149
21345
34126
37094
12148
18793
17844
4010
17051
2736
33328
6964
720
1001
17829
21177
5532
13503
39610
22871
18673
22262
15685
10514
25404
8664
7453
2818
5903
8994
1999
29309
25754
31680
32156
23947
17661
11092
28731
32599
14793
13678
34232
14485
4555
35627
9049
22761
30835
30639
5207
5361
39320
32042
18760
9212
501
21215
22027
11606
31725
26837
27915
7889
19836
39007
3581
21532
22939
25620
17140
664
9920
18025
33252
31569
20346
32986
12770
32650
37852
2943
30428
38078
10183
37133
6089
7165
18104
23392
38597
39154
6241
34197
10708
9512
17358
5762
20039
15363
25372
32754
30558
21638
14824
15692
32085
30744
5577
17212
29773
30452
39427
2504
16145
6914
17748
29093
23611
37734
7920
12865
3889
15342
39622
31172
8507
32616
22031
31279
15803
26905
8000
34581
40817
39728
3735
28304
30166
14540
30528
28812
10168
31847
23347
33919
33206
40718
30555
40308
6603
20556
10512
24094
3150
19686
16212
19666
25908
25012
17006
2426
36198
25964
19214
8008
31222
14559
16616
10483
21933
7150
29181
30769
40486
38276
29867
39297
35698
23914
31187
33283
5307
15077
29251
15563
32876
32937
11436
8306
34134
21245
13648
33099
10308
2172
24787
32316
17601
38547
32087
22866
16692
12692
20054
27347
7772
18079
38783
19272
31718
34980
35420
20578
22204
29763
21019
21890
22937
5477
20468
38928
31717
17651
21494
36203
28432
29633
32343
6074
33366
8973
990
35047
27018
11949
20085
9658
29185
37439
7346
37202
2220
19965
31153
19038
26323
16007
18181
29308
17124
39322
34341
5880
22046
21445
3088
3432
38532
6186
7030
9146
8667
32111
26170
32105
8816
13660
30921
22612
11819
30635
20886
30277
34121
20941
3492
4234
3002
21045
23270
8787
33
32875
14328
2325
20649
34351
19796
26870
32399
37165
21356
39713
2950
10334
21136
19190
37406
25889
20473
16589
5166
373
789
33751
11121
27624
21778
29007
31400
14404
21971
11471
13788
1753
18309
23106
12693
28743
26743
21454
1277
3058
442
28587
7744
14290
796
34371
10480
21749
5850
17101
8932
1332
40635
37247
14183
32291
26519
482
40385
26131
21416
37289
25885
12784
18083
22822
37971
1443
17890
30468
19729
8532
31684
32295
28516
19033
4041
25137
25619
9985
17330
37744
37516
10667
30685
15904
23535
26298
39666
9577
11889
2707
22611
34048
22624
6514
9482
18901
31090
14109
26510
13252
26794
31830
36978
38513
24317
20999
30173
22401
26618
40617
24707
1013
16236
4087
30066
4624
22984
18153
16575
4485
37548
33791
7891
29795
11175
31490
4902
9346
29973
18210
33835
23925
30300
23781
24908
2236
23312
34880
20012
24752
16576
17451
17105
34692
20366
21951
28366
30132
39433
31614
22310
10998
33795
1295
39981
21987
38482
27829
3662
16581
29637
15531
33426
39451
11653
24974
10447
5272
14395
36537
24522
29158
2240
8027
38288
18568
8254
5038
36878
35862
22487
3950
8102
11405
8511
30084
14205
3446
17404
5990
37698
24834
14819
40259
12815
1348
38155
24502
39182
27640
37318
9865
21607
13757
25224
22572
30239
7594
15249
14251
21438
18970
15264
10515
13617
1545
13560
26145
22550
15638
36664
14805
29441
28537
4140
5808
19292
27147
40077
13703
29412
3952
10951
8445
39879
32532
11112
28474
15197
10435
31408
40160
6183
8683
11912
6414
2844
30151
39334
27516
37484
16306
34615
8834
19368
15410
23285
23448
40522
8026
6614
25272
25564
15450
6098
21837
22691
36690
36044
38721
3678
31775
17277
13248
33272
37862
27236
13787
27121
14426
33559
14521
7341
18740
37403
3624
4558
17569
10323
27694
33409
31287
18490
39710
5911
8080
23663
11240
37074
31430
13925
10416
15686
23696
17447
18100
30946
5781
40405
715
24983
40396
25124
27735
31431
8698
37189
25693
26777
2257
33004
22655
33887
26836
36450
355
4897
8993
28568
8573
28528
1602
11697
17231
22444
7034
13583
18632
6334
9323
28012
24008
5999
16737
38673
28729
34114
25450
35851
39649
29087
34743
6637
12586
17909
16585
13050
9533
32458
30646
34208
18787
22134
21862
21555
28270
12891
12470
1584
18857
22172
17787
38371
12463
39348
13013
4399
16502
32127
15214
26224
7546
20240
25762
857
37152
15221
30874
24608
2286
20746
20137
30965
1581
27323
5320
29953
32534
18270
2704
6702
11313
1824
33917
27808
22913
2528
6115
437
33645
15415
29894
25212
10832
7752
32069
32076
18633
409
8189
9541
3782
16088
29482
5810
11992
13602
9502
11884
36865
7229
13331
10225
27743
14854
32596
547
18858
3414
17936
22707
14011
40592
23874
28252
39813
15988
11531
37673
17587
38511
15206
11357
36694
16631
4445
32364
18812
20448
24485
37331
9337
4344
11206
6261
3250
26326
2230
16065
25243
20139
3292
36391
31472
36835
13231
10910
14672
25602
11859
27378
20922
31510
30915
33198
15826
22040
26566
10081
5756
26857
10359
21225
17042
37902
7182
8779
27707
13392
26214
21235
7179
7716
17309
31656
27866
17007
18180
19604
26869
12480
1789
3321
5201
35897
13345
37688
30311
11176
6267
26854
5878
38896
34688
26362
16963
7280
25193
34573
1552
12729
8576
16062
9556
11392
12491
12398
16983
23160
310
29993
34555
8983
36982
38009
15649
1943
28355
14779
6007
13763
28833
33596
18561
18354
39719
7817
29915
30704
5726
18828
36454
11322
2173
24426
17711
29996
12044
1965
31444
26594
3746
1186
15418
39402
7500
28239
8636
8492
26829
19340
4606
15334
1068
413
15039
33308
22562
24912
15899
15854
33993
9539
36210
31757
4659
40162
39454
37928
16474
16993
7412
24444
26619
40642
16310
17931
12917
32820
34041
6020
20606
30187
19717
31138
10699
32267
15357
12886
35355
8830
40409
31741
37293
18802
6037
36938
12611
35138
10809
27489
3743
1241
34802
4121
3601
9229
28651
17369
33296
10470
16342
24434
23715
13072
12089
21220
949
4278
14276
38192
17635
16219
22378
882
4597
22916
15489
24476
19083
1419
2628
8282
13119
9055
39942
18277
39579
5820
19051
38865
20758
40136
20946
24719
32508
34137
35925
35060
24778
26303
13305
19811
5765
2726
362
3587
3856
37352
19407
7344
37258
20248
3081
36684
29221
14143
35780
22903
2754
12269
2564
10658
2111
38067
24488
13666
30864
11366
20514
5836
28495
7774
22781
9050
6315
29177
32071
37956
37259
12992
5989
2127
27576
17464
22614
28969
38197
39519
39931
15997
23391
29057
13287
18483
20985
34660
16804
25357
11400
19150
5441
37519
34164
4256
11931
5920
5180
12735
27072
3890
8771
9065
39196
34149
15032
18639
30155
40465
22421
22772
26785
23322
33362
26658
6686
12315
13324
35663
33997
1806
18155
36608
40281
14756
10785
4530
25330
19651
34485
4439
23264
2626
5134
33579
33839
27912
10538
12647
9084
35406
19521
29769
40122
22002
18144
30629
20837
30632
34962
10747
21069
29220
36736
23089
4009
31918
661
5335
10031
15248
30891
8281
18815
29911
8115
16912
224
24971
11788
2271
10420
15712
38631
10429
27010
3120
21296
33618
3158
34454
14280
36446
39006
13939
32027
5884
18306
22986
588
31544
16285
27207
9038
36673
23798
3592
28774
22825
12027
23865
25605
27404
22073
38853
8969
39903
10392
13309
14081
1944
39783
11132
32678
10818
31461
16905
11975
39189
7795
22944
38342
20880
38995
9387
32245
28781
9563
8798
29543
36660
22217
7370
1899
13572
32136
14382
3664
30665
28233
32830
7084
4107
38512
18467
19559
38980
10349
1228
22928
3536
17184
17346
20926
36337
7269
8418
23844
29161
39495
1115
21934
7932
16110
26052
14699
4154
16736
22406
33552
11445
32318
16846
21437
15494
21814
27281
1287
28571
21529
2177
21769
38546
9824
13691
39966
27325
34572
36727
23542
22574
33500
38223
35258
39941
26843
9185
5674
9804
17791
6731
21531
26668
24718
9295
282
35396
17275
19400
34927
22052
5533
40702
31627
19483
23686
24322
7315
18123
4823
10430
19743
9338
32690
16613
2960
4951
28132
18226
18399
7942
30010
31848
13854
16234
1893
26722
15538
27042
31625
18257
5832
9424
28837
15876
16696
21667
22590
34324
38679
498
24473
37405
3578
156
28315
29544
287
27418
4881
10366
20086
21493
30956
35108
40411
20280
38261
9269
7982
25875
2106
9580
24495
4852
6282
12715
26595
13798
20736
8611
12980
28563
18508
40507
7312
31980
33907
27757
35107
18176
30863
32494
23254
34538
10953
29774
13871
2214
22907
25397
3737
226
32025
33297
11110
39760
30753
24219
36250
3865
17189
13362
20524
12052
5591
8686
23590
17864
38584
28336
26036
30565
31380
26526
30929
6969
10744
2184
40263
2848
10521
25299
37878
22511
36811
2139
33825
1085
15461
27190
33707
34799
286
31205
9125
5869
21906
19909
40659
17552
23120
2525
16901
19213
22567
3399
21172
2367
25828
31760
7476
8954
12450
11513
9413
29170
24840
4004
31317
27257
21944
31821
8401
20481
30313
11951
18653
10035
24619
28169
5840
40365
24190
20343
16909
12321
23695
20378
34866
18500
14378
11156
4162
1662
9356
14335
18723
8473
27751
30773
30420
18841
27583
21690
7408
7607
33843
22727
40515
38194
29265
3214
38214
27822
30762
17874
11299
38416
18383
1974
24458
6014
22157
33022
28728
7968
40779
39644
37965
21470
31381
38343
32752
38050
8922
27329
13973
33823
24509
18260
12831
33239
22831
27046
8087
24135
26980
30518
9303
27791
13600
3812
20988
1783
9478
4876
34234
34254
39440
37287
35720
38702
37575
26914
9616
40215
23996
21237
505
5628
27937
26861
12160
9143
34523
8603
17181
4098
18542
708
18566
36455
4588
17523
35922
20906
24844
21713
19017
16222
16776
37654
4149
9587
24503
19839
21091
16330
31167
12431
32365
24141
31414
14146
25961
6155
80
39646
3800
20152
22636
1670
31404
34735
16504
2087
28241
25082
18985
21759
34105
6617
31163
19155
7741
13493
4524
20032
35334
32847
16609
29881
3259
24066
34772
10989
35457
4650
15276
19420
11199
8090
19601
6367
16859
28569
9276
5257
22663
9734
20716
32192
13045
37706
30702
21032
16099
24672
40600
32941
39634
2353
28035
4506
14009
32734
13680
30139
25168
6796
22092
36723
32321
34277
17329
40427
3721
8230
21498
29839
21745
15572
17195
11071
25077
27397
22116
17359
17892
2682
29060
33807
11845
10330
10840
6595
15103
28624
646
21126
22596
4401
13223
21742
17078
18039
33294
13663
29958
28104
23975
13097
13233
14415
31794
36289
37962
21283
18942
11582
18229
32094
6251
13084
8062
15113
35202
14804
30262
556
25129
27685
38781
21537
35630
19278
25664
10755
29764
5184
29562
37187
30937
18823
38176
26171
9271
27636
10257
21753
33173
25668
40819
12039
22120
12380
38177
20842
19676
33715
1816
27609
5051
6322
337
25800
19129
29974
12604
7662
36425
33459
805
31272
40132
26921
27242
21561
4605
5418
26017
20611
5724
17975
35628
24200
29028
3934
22371
28939
2651
152
14223
10173
29217
38170
5032
33155
15442
34664
20701
19276
34430
10253
34658
864
38719
17356
20511
22060
7517
854
23280
37474
12828
34606
6000
4432
17508
1430
3649
28660
18972
35900
34214
3874
5515
6535
9851
3078
12946
14607
7052
8028
20840
38884
28404
30127
4117
5399
31755
5248
35227
7375
11799
23642
711
32894
11864
38574
8638
38132
32999
32906
9410
23059
38503
11704
21744
4623
19847
15060
27260
2152
26433
19899
40558
25204
8813
314
31971
1905
13898
32695
1915
30136
20559
8829
25455
32582
27977
30072
37613
31916
26482
36276
7973
2195
25383
11749
40407
22607
3034
26178
21619
36631
37057
1084
28754
7332
31631
38569
12347
4458
6957
21858
37953
7967
22143
2923
13755
6497
24161
38515
17835
29097
31258
13736
12866
10384
20408
14876
7273
6254
847
6036
1282
12527
662
40747
35716
17843
18047
8242
5877
23477
14663
39045
9735
3116
40852
27462
17561
1627
16803
6858
34984
5258
28436
436
9357
27958
6336
29192
21808
12536
569
38028
7078
21034
2372
12293
17324
21401
18811
12736
35944
21695
16836
7602
11587
23344
28886
19751
32543
8497
22475
40257
19767
18795
9649
12244
24656
3681
22953
19514
20733
37324
17217
14049
18302
14418
10242
38804
29065
17233
14464
14001
38636
39241
5901
28022
21728
14439
23170
32898
5704
3092
9416
22319
31494
22317
39267
28153
913
14943
29559
9671
30076
35487
38399
20089
27607
23913
39913
12697
26272
23840
26499
15162
23401
10790
1927
40361
10069
22730
4305
34675
6070
39825
16277
39682
20381
28679
25785
25833
19696
37947
3622
37378
8843
24123
36821
12662
32765
29906
7547
17363
24538
19623
23077
7333
7622
37169
40480
35449
24751
11467
29451
9586
11933
22952
2237
28623
33509
34768
5982
11498
35596
30059
34066
13035
20637
31111
20743
13247
20756
34965
27146
23107
22649
20392
19895
5557
24478
29062
24056
5212
23307
5412
33031
2397
11785
3357
3864
30680
16361
32128
5060
4177
24364
5398
13463
14829
10743
7462
2516
3362
11347
11670
21094
9169
28309
37565
38384
32439
7918
23526
33224
6198
34726
12429
28426
16036
15789
1125
24972
27460
26766
28215
32669
33625
7666
10112
16530
24877
5352
32933
21465
4254
27591
9025
28464
22960
33348
18353
8438
33065
4378
5927
2394
7576
26053
31929
4024
12217
32660
5328
31157
31489
19869
37033
33447
39488
10580
37590
32956
25412
14313
4512
29091
23114
13407
9235
6996
6133
24938
27785
6126
34774
29446
35326
13115
40707
34400
33222
3342
13014
810
33263
15306
16873
32749
16138
21305
22587
37454
7556
33493
31442
1668
9264
4255
21758
1092
1993
37662
29662
24299
5883
37859
17870
24127
35787
17707
20082
35480
36459
33996
21727
23734
33435
15539
17978
19905
22255
38689
1693
23230
39042
13391
19445
33745
19166
16590
38321
7092
3176
15704
24665
8605
30834
39498
29516
40192
18208
20977
8135
6451
1003
9887
34601
2358
28415
38127
10692
7558
19531
33798
21217
247
2188
2030
10351
3072
6764
29078
27956
7061
20984
37049
32711
15978
10857
13297
20768
7121
15184
329
4096
1677
18813
22874
26308
14632
27484
37773
18998
35553
8236
28449
16554
21122
30919
9435
38952
17550
16092
40615
3231
12162
14838
1812
21087
23960
4625
23743
3792
38863
16442
25478
26623
5234
3804
23071
13475
20519
27661
34699
31248
655
22919
27209
37480
2014
595
30943
40483
8188
12388
22047
11914
9108
5712
23488
36622
8620
38578
36139
35545
10803
691
10987
36412
38641
32168
23130
20694
37385
20388
8107
37041
18643
17968
9773
7777
36628
11565
19756
28673
35520
33842
28257
40496
36957
3723
12324
33282
39177
7919
18627
28195
35811
4549
20975
18413
37558
12144
32001
29557
20428
10365
20877
36227
10434
22895
23209
24483
28977
33520
15058
7746
25646
13633
2241
32499
25101
26632
33690
170
23955
26633
12154
37003
763
12590
2001
32376
16301
8474
19417
22479
33332
35722
34356
1380
15635
4809
31263
39916
30784
36568
36987
40320
11465
3565
5274
26839
2795
12303
14597
16281
18570
18661
34116
14337
13728
8663
27918
10493
11783
4094
26453
17109
14703
2987
1384
21683
31398
13379
33562
22069
30097
40246
6609
19966
18069
39515
4371
38531
14089
27226
12890
2189
3408
10591
16024
16648
15388
32595
1139
24166
12377
5723
4635
16255
8750
23585
10375
22028
28823
38517
38185
12883
34755
29945
14080
13845
13186
27944
20871
6170
32520
25987
27080
31657
10011
34883
13683
40156
26297
3344
20116
13142
30096
26889
6325
1543
36291
39476
36796
29821
35323
33410
40594
17070
19625
20640
33029
25045
18409
869
28477
1920
14616
33534
6653
12227
9634
2667
367
24686
13658
16566
10333
17134
10186
28229
34832
830
29129
33167
34589
31143
32576
31575
11068
24078
26354
5694
36282
37223
2216
4189
6073
28250
29718
19863
19046
23998
31033
8853
22451
16238
36313
35333
23121
5837
17520
5750
22149
8453
40356
11081
39223
11561
12361
32090
28018
176
8679
8646
9211
28439
39554
27554
36104
1835
16182
25741
6923
10155
5518
34605
19550
4403
12360
15698
18663
40598
23409
29521
4810
2790
40561
31976
32622
36406
39991
5408
8127
7111
3390
4301
20449
34248
9119
29530
16359
32028
39632
5327
34312
2321
39384
1256
14721
20738
12063
32164
17942
23223
36930
17416
2646
19410
25028
11921
34376
5455
37718
24369
3834
4567
2738
18626
4573
13257
10049
31536
586
14106
15755
25033
18768
24112
9836
17083
17032
28972
7958
32238
27050
4610
17714
28251
21113
29817
36143
14849
37808
6091
3329
39183
11077
39925
16436
17788
1113
15463
24926
8439
1423
2337
18027
32473
11477
33344
8768
10904
9506
24694
36666
22364
20510
4394
27989
13750
20536
26597
23330
26804
14683
4942
34937
2997
32757
37910
28188
11317
29849
17116
24466
30388
24909
8374
19780
35560
7237
9668
9723
31574
8774
21646
5031
13315
15770
19792
29236
807
15033
11974
19620
24406
25043
23141
34576
20859
57
11688
2510
29643
31384
17408
35613
11302
36686
16676
11543
4726
30034
25032
4038
15147
24525
26616
26220
9789
14298
1998
31895
12422
28064
19078
6193
9206
5480
31802
32813
19580
18505
1041
26212
37695
17915
24275
27968
29125
19948
14277
6200
16184
32892
24958
10693
6195
901
33189
33069
25614
32175
35902
7800
5309
3564
32960
24536
6208
17005
32811
25385
32897
26781
3465
20627
1291
16011
23574
10682
13488
28862
25034
37469
30021
5822
25125
39599
4688
29636
34151
5907
22900
32497
36882
306
3848
15541
16115
28538
36514
19034
19153
20302
29822
39221
5006
10661
22276
21104
21738
36523
22784
26699
31826
12447
28934
12797
14529
27904
15285
24549
34940
15898
31244
39883
663
26769
14026
26142
7537
23615
894
31242
36579
26815
8519
1438
15218
30159
38022
5622
25171
24611
40555
16798
10730
31012
4138
12528
35956
28227
24645
19005
31023
2274
17197
23881
26672
23521
17462
5647
4376
824
30576
6878
19800
24036
12185
17541
20120
31219
4146
30200
13716
40035
4263
9997
30312
26563
12753
37140
33663
28667
24772
36273
5827
11986
21905
18283
27243
835
7427
28308
675
25001
9777
4101
31599
17557
35572
5100
1023
27193
29766
28279
30071
30560
39769
18322
14715
24617
20140
37252
22306
27730
40299
1807
37244
35280
10520
33190
17438
38752
8094
22524
2155
453
39190
36550
1356
13057
26454
16975
5224
33411
9707
34696
13791
17381
10251
8070
7316
25631
33712
27952
32229
33047
11310
3327
39404
6674
10146
32173
31017
35213
17881
7911
37460
14429
2652
20155
18263
3316
16283
22954
13621
27584
15127
21259
20508
24420
38778
34951
215
37828
25273
26543
27436
36601
34578
14744
10630
22668
23186
4122
32909
27214
24774
40024
22740
33265
20676
1305
36815
27878
9609
22067
1455
30329
34912
20978
7405
2479
40113
40695
7170
21732
23146
13102
23516
26967
18913
26014
10036
13967
27306
29260
26752
17512
15610
12889
178
36773
6154
11192
28614
23813
13885
37139
12028
26128
31513
21152
25423
18965
37017
37669
8861
34914
7387
24732
2171
33002
7128
4614
3814
4390
20784
2776
9814
35253
40082
26982
6823
15702
29748
12173
19517
25818
2713
2392
5127
31938
24152
19168
14184
34976
21587
18414
14128
15930
11429
16875
23007
6245
24905
40653
30426
5776
20277
28310
40209
2670
32420
18055
10547
30290
39570
36778
24633
8639
18938
7139
18150
940
9352
11434
31356
6288
5429
15651
38956
3172
18051
38403
1004
1343
35452
9715
10966
23857
26684
4295
36204
7181
12813
12968
9208
32187
34202
33932
38612
4743
10276
18746
8806
427
13032
30078
10084
39549
26963
17753
1098
40349
5659
37143
15302
21974
24890
16943
37825
33321
33163
14622
96
3159
32110
19843
8049
20845
15216
9094
19871
11523
30095
32366
23085
39532
27064
29753
36706
4058
4180
9670
15933
5157
20374
24175
18003
30128
3641
23771
26565
12970
1726
7723
29355
21256
35011
14140
2382
20800
30797
5226
17171
8752
37809
40207
13373
24087
13530
25657
8838
40173
25122
34786
34032
33733
19925
28966
4105
34445
39806
39584
9464
35845
14203
38236
38497
14332
38577
14259
16864
25719
26447
11140
26572
18164
33643
17461
26859
4449
29985
18848
36417
18077
19351
36488
4738
39316
13625
13156
30440
31944
38434
5396
3638
24869
10779
25282
25152
14952
16845
28947
10812
27631
34100
33176
35567
5954
29639
15674
32079
39114
26568
37950
17879
1650
34719
20647
31215
40048
4821
39795
4741
34819
25096
29761
29191
1751
398
19710
23026
22300
34994
38826
10985
32673
24886
20641
36033
20592
31304
15939
34703
28574
14896
36900
18664
2024
33566
6439
30707
5744
20695
15509
5154
1210
24842
38878
29444
17122
21381
1091
9051
16621
25560
2375
28842
12767
24334
23689
27570
6779
16432
19142
15632
147
37680
18278
33168
23124
35003
11765
12448
10683
23676
34796
29232
24916
12019
37308
30913
9872
31855
21630
9915
35499
22442
16679
6342
40835
11695
34693
36923
34738
33185
8637
4159
12210
35043
6239
20490
12382
5899
24247
29708
3842
10104
27376
20883
3982
35459
25061
9471
21819
40729
12518
19204
7669
17062
3425
21765
13643
6761
34846
36888
11108
4379
4909
9217
29700
35389
21211
17119
13339
1233
26514
27638
29140
25007
35428
7225
11794
6510
31389
21430
12845
37106
3233
31100
33927
29466
29777
35973
33293
15754
32370
39617
5435
18026
27429
28922
26327
28389
23278
25778
8309
10425
22977
23603
27573
4266
3482
13400
12042
3484
31580
35816
33774
22922
40611
40120
29534
27524
28466
7451
33688
6681
2298
3236
17106
31739
22651
21052
13450
31376
40354
11396
35705
1007
39238
7587
7367
39823
509
9564
20050
36587
24632
36279
1237
6068
36467
26251
16344
39668
34124
37082
7274
32254
37233
2447
28071
2025
7183
17824
15298
40046
6808
27411
36249
32553
21797
29391
22904
34659
25774
6596
21489
22738
1923
3245
40085
803
18161
10719
3984
11219
31989
2925
28224
7976
19789
38652
32129
17009
37271
29864
40715
10324
21386
6905
29505
19874
12501
4093
22969
2121
32828
8549
30330
30208
15782
2233
34389
40414
18481
7073
3770
3596
26466
2122
10468
22640
5710
28517
27796
35252
16965
27262
17591
40404
25508
32117
13729
23699
6338
26108
16049
25285
25233
36614
26590
9636
3353
2906
11056
3541
38043
296
6696
1653
1938
15217
15400
7573
6506
37919
20954
20965
32657
31481
33187
11703
26333
3504
19062
14725
39686
33117
5863
26562
1245
14718
26661
37937
24230
29922
12667
38172
37495
1995
13144
8711
1639
21681
6430
22489
38313
22343
747
18489
333
40032
22192
6114
25991
24100
29592
19466
27555
21839
32213
6335
10295
38945
3122
29792
38665
31018
1162
37380
24942
984
12765
27174
14864
40275
36171
3993
7511
38246
21676
32088
10182
35972
10632
23445
3888
19504
35478
36576
3393
39593
22924
5828
11900
15490
20095
11036
23670
11602
518
5930
15288
18493
3960
35294
11138
23866
35797
32424
20319
18704
36764
2468
3757
6695
31390
29083
26101
4545
4309
37145
36545
3303
15640
34977
37249
18721
5240
34200
32712
37263
30715
16533
12399
30422
24456
19040
32608
13982
5682
28876
20363
21917
32560
19259
38668
34609
39536
24992
8895
18637
10543
3515
7938
20879
15906
17920
23720
5277
26125
9971
3166
10842
38650
38229
27320
27191
25039
29012
35123
3535
15552
10911
24780
15018
292
30745
16449
18535
17237
31537
9918
32513
7530
1801
30727
39374
5882
6875
6398
39153
34331
27192
15425
30401
14777
25288
12037
11757
8724
34620
26638
9266
37345
38091
18715
10504
19113
11896
3066
8410
11167
18300
39129
1546
3331
30668
24004
10102
1203
15821
19815
24932
29755
36015
15017
36141
15477
33948
10162
13322
1431
14968
11725
31035
9431
25104
37628
32792
24233
24945
25941
9569
8746
7642
1216
28986
17065
25750
1437
17167
12994
17494
12139
4996
2916
32121
2250
18676
21988
5397
3243
11341
28771
3140
5040
32204
16894
8874
21349
33578
38145
20793
7833
11649
37594
718
8329
26361
21958
39990
18366
8283
17
36771
12740
17022
7083
4037
17854
36780
22585
30325
26838
38868
39081
19486
32219
15051
573
13113
36164
13389
10193
14359
14775
15336
27059
35086
13897
22885
19057
35271
232
36627
9906
17739
8560
12607
10902
12305
37806
8674
15
38209
40015
22414
9917
21252
29032
35448
24417
21246
742
221
28187
19171
35088
3708
38374
28047
13228
26922
25317
32262
13987
782
9751
7206
40322
5540
387
31646
25851
37602
36856
20322
31648
7638
21762
12533
23127
30519
18925
36315
14486
39234
27551
37337
3163
38888
29843
19186
16022
30879
36980
13009
36544
40214
33591
3084
35588
13545
18724
10710
33129
36543
18292
10712
33387
5691
7560
21344
36057
14185
17995
30756
33773
4974
40510
3453
19054
21542
24848
33120
31256
16774
10411
36870
38779
35704
30496
12306
8440
19200
32012
18072
1959
23693
26828
27468
37995
39542
16790
35785
4356
34226
38922
37449
37393
37701
33381
1558
171
14929
25203
1187
27798
23772
18836
14503
2419
24813
6348
19956
13504
654
11720
14220
8058
30310
8693
7753
16188
35208
17713
841
4867
29861
16131
2829
36496
23962
39559
29098
14320
11282
7396
25779
202
39403
21046
1389
27549
26735
27702
24790
36037
22203
3442
19009
38985
29255
30301
20259
25983
24631
29754
10321
11550
22433
23827
14288
10868
17906
15508
5603
4543
36670
32721
1029
6333
25650
2471
34857
40639
13025
5874
36260
8944
26923
23531
39268
20968
23096
34328
22961
34329
35417
25364
5793
33794
31707
28826
35361
17965
13713
14344
11055
24851
10370
1937
13539
31084
19279
31372
4771
7871
3922
37453
22817
19449
22020
7674
29264
30410
17518
16033
4948
4694
34366
19230
32848
23438
35876
16841
12687
29289
23368
33838
18197
27926
29964
12766
32330
26432
27998
3443
2138
32525
36213
23724
14403
2039
28912
32413
8326
8142
23359
31714
6222
1549
35839
20111
21043
23921
39012
23367
18011
14463
7371
24168
33423
21654
34344
34562
40741
26757
9840
20495
22899
26792
37829
30020
32411
19699
33242
11146
32386
26345
33611
26734
36740
40294
22226
616
1441
32299
30050
35670
27476
16476
23373
27027
24768
12722
40760
37296
13549
4046
25948
40669
15327
6385
11100
23684
40766
6952
2028
37944
13227
14388
5852
33090
40315
6880
39922
4926
15796
23862
24604
19375
17757
35529
4076
37136
13487
35649
38338
24178
35029
3106
38556
4206
20063
3977
16302
18595
7925
2354
25609
21176
39419
23064
10262
38978
24328
20583
27284
28576
17120
31886
4744
2051
25793
13034
16971
20475
393
15459
2886
38237
27812
17389
8385
27111
8893
5660
30377
4083
23213
19786
18530
10022
27479
6976
24121
33483
13777
13417
38604
33830
11441
3077
8328
34265
38128
1890
10958
13007
27746
28362
39819
31776
35577
16395
23257
11488
38699
4672
31796
38695
27939
4375
38113
24676
6671
8971
10551
16299
38331
4722
1009
13251
14684
22278
39328
4756
10574
14481
36061
12705
3907
21330
7446
24659
38241
12920
28584
40476
23861
12709
38935
35565
10595
7670
493
28834
31679
39240
25169
39363
21857
8
20359
9702
8404
38768
40815
40224
18317
32349
14327
24050
29122
27845
32934
8702
14746
5432
33792
3242
5711
2454
4954
28034
30283
9177
40425
14528
5266
39759
33832
10475
23556
6023
25355
3283
14737
36487
21357
14596
7437
240
13654
16528
14892
29196
13502
30710
26768
38208
30011
40050
466
11739
27896
25467
4486
13609
19656
19947
34330
3958
30833
32613
28506
38207
12514
10113
3969
6532
31121
37343
26381
4494
26711
27110
9195
16732
20270
4347
13414
3838
33086
37705
40183
11171
201
11891
33924
35700
36524
5865
6337
5861
28070
39636
24757
8114
33537
17816
37664
34713
16312
4435
7200
35896
5943
1849
23756
6471
23464
8665
2114
40764
28565
28484
6443
19194
15341
19315
20992
18459
19561
40238
17828
28508
25990
7178
1044
21390
40075
37120
18728
39211
26399
49
12538
34631
32962
40290
11734
7786
15351
6683
14310
2128
17990
359
25891
20663
29784
23713
34824
10938
36010
19318
33934
8050
18330
2520
18608
2880
7298
20369
2222
33191
37413
20955
37075
9553
33595
27772
21397
23380
12534
7840
16721
23024
12711
9889
16373
31902
4880
35183
2390
7731
33675
855
9635
24228
16556
9653
16705
34797
7166
15838
14118
9296
27560
20296
40022
40092
37105
876
22266
22623
24421
1522
7663
29882
25116
15722
32705
33754
23501
16670
16396
35949
29047
20412
1931
6936
3285
15364
21904
15407
21514
11766
8251
19325
6645
11209
38054
16154
37316
15378
1782
24065
29136
9739
5121
20166
14283
5678
36064
26468
34530
4884
12274
11137
27818
432
31338
33454
21147
5785
14358
15929
29287
30430
7792
4581
34408
15173
27864
10631
11917
26761
8205
11589
31671
5974
26975
21696
34022
25689
36556
3531
24512
27016
1112
21616
38743
4900
24229
26805
2109
32808
17414
33105
15975
7235
28590
30508
11701
8542
38298
18729
16006
6431
31567
23203
34231
2248
23229
15513
28631
19503
26731
4676
12655
10959
22126
29267
35826
32184
10283
20269
34019
4519
36868
20787
26073
21384
9373
18085
25536
25482
34133
24218
24730
9641
27054
31937
28529
3645
36518
35689
9762
11261
39125
21333
37222
18852
35717
27931
20105
3953
33659
28269
34098
38034
36876
15900
30705
34638
8461
40399
21377
11259
37446
35064
36644
27217
32505
14677
3450
40272
35401
5950
30765
21310
8916
16921
14500
18187
19382
2630
36
460
6474
21719
30147
10573
12257
34926
5584
39828
16273
33592
23201
1674
2862
34446
28273
16857
7016
34355
27425
3305
40632
16200
40303
28326
2560
33909
842
1748
4128
36135
25521
38857
26423
23224
25866
24137
13943
23002
19679
12954
14073
1723
7613
32589
8318
18895
34807
9427
14200
30674
8143
20932
16747
29862
28620
36058
10249
5062
18146
36905
18351
491
5311
40350
23177
31833
10446
19392
27444
3224
12593
35475
36852
11298
17845
8195
7087
38357
17993
6807
14861
34209
33943
34179
21949
7012
28093
20150
33336
30236
35100
31745
38786
25407
4222
6187
13992
17903
1817
31174
13825
30612
37032
2636
16500
32873
14154
6650
36969
30291
35734
17164
18488
6744
29550
35374
28712
40474
36828
13681
26692
30314
35746
38634
8373
2617
34413
35721
39145
14652
5613
2159
14973
38758
11529
29419
38163
18909
11906
31346
27455
37520
32900
16420
34334
14044
24820
38943
13737
24022
13444
14727
37778
34502
38058
19372
30243
17480
31175
13189
37772
20435
29986
21908
25677
18524
36240
14807
34422
13134
13964
8275
7424
5727
35312
6698
16856
13994
25136
9262
25639
31269
35933
7611
35461
15765
22465
1156
16851
4698
20868
25114
426
17150
39618
6304
17751
28505
29006
25792
27204
17809
24949
28128
9790
1065
11402
23313
4197
15176
16559
26475
8337
12106
26853
32586
13615
27424
16490
38736
40167
4971
2047
18194
11414
10643
40554
33947
16930
15747
24172
35226
31370
14698
17252
33747
34598
34652
4915
36787
23634
37633
5312
18738
18465
37230
12199
24595
37473
7665
10393
11352
2735
16607
20602
22665
2802
24963
36189
15368
21372
30758
2389
19087
5112
18296
36009
31696
26283
13669
2668
39245
6700
18137
30787
16193
21755
1377
21378
19366
33664
21568
7509
7285
12434
13157
5809
33621
7939
1405
10078
17370
19395
4183
38106
33846
12314
13556
6600
23969
33928
30287
9551
5220
11155
39072
25702
33457
13773
37498
37647
35320
17974
6253
14837
7520
11735
12311
6094
22076
32816
1502
27124
19821
7708
25232
11418
9441
17902
35945
27034
25902
13980
33475
19581
25446
15271
20415
13263
1151
37099
6317
22236
26332
21833
32809
30316
22682
39165
40226
9080
30539
30484
33613
14038
3763
27777
9042
22147
31874
39401
3612
39106
15190
12349
40574
24001
23144
1258
37515
13026
32943
33425
18778
19868
602
17337
32339
9538
3169
39333
29156
25858
39219
8363
22744
32404
4250
7069
38561
3921
604
5573
9289
38247
30596
34508
22293
36361
9805
14830
15065
7860
27739
36713
23283
33075
18315
4930
34471
34640
7311
9016
196
21978
24419
32634
7445
13907
13040
27795
808
17303
18234
5635
13908
11395
15806
27861
1329
25669
17174
11970
14900
16689
37232
18754
25504
4078
26284
22279
35950
38386
12153
29090
37007
5596
10676
11542
9153
22150
31418
5430
33041
6985
18327
11415
15708
32205
3965
14839
7929
21539
21433
25417
19345
40240
3502
24841
30676
21812
34946
5194
9952
24764
39168
16772
28531
21583
34569
20949
12816
30641
36274
2356
34662
6770
13294
24400
6571
2408
39244
13929
35244
6974
20476
4822
13946
27009
7768
19758
11271
2438
8682
38380
4231
18032
6048
18818
23540
14932
4338
11978
3468
15387
19574
5436
28851
23252
21483
12058
1333
7994
26310
14722
17125
31844
40287
39917
16827
9839
33171
21556
23941
35090
19572
22699
32389
29119
22122
30849
1220
17031
40271
27004
12829
21782
24635
18655
15482
32414
1553
21915
29331
36354
22610
24695
1005
16372
33388
12991
3253
10032
5864
35015
34210
4306
38595
27653
38339
8600
2102
7906
16792
10086
40378
2796
9995
14520
13558
19826
15769
35570
14546
38815
27068
40843
26648
30222
947
34274
25491
30215
16018
38975
39364
19094
25144
12925
19085
7621
22509
8084
15937
19703
19806
23853
32327
39862
35848
5292
12596
26135
12772
13200
18648
34205
8056
2905
24682
35048
25563
10869
31286
36310
1311
28000
3742
2974
39972
26383
31340
39213
22586
30156
30001
18484
31160
6293
1563
8811
2763
25672
7539
26376
21569
18718
31309
28585
13264
27648
2120
18672
25503
3668
20740
35381
12229
32682
35149
14620
27107
3698
21128
2484
5433
10347
40130
32571
16322
23242
7675
18780
30248
15600
1224
13051
37758
36218
4526
7701
33235
40532
27820
32303
30754
20775
18339
38024
34451
14947
12979
21205
18830
13019
18971
14946
30589
20403
6113
5347
18710
40153
40754
17625
8286
26807
1977
6824
22776
24236
17783
37636
39017
3835
20851
28358
29972
23511
7438
30920
26325
22339
4352
37921
36126
14970
38188
1307
36242
38543
31126
24556
8749
7504
8909
40114
32157
10946
24350
21909
10615
37436
40616
13396
19978
35348
17484
40099
13796
13456
17801
30057
17003
27635
19645
17143
4564
23265
27775
6747
31970
36271
2508
34104
33131
1374
30973
11887
32460
31221
33721
33636
26451
3333
34732
38137
1087
23669
9555
16437
26916
28860
34385
8894
13843
3219
27759
28148
32556
39317
17271
33658
6401
8919
21566
24348
39994
6555
14627
5952
34177
8966
17390
36894
37254
6975
35376
33809
39492
35399
23920
27118
37366
12235
9498
31337
4194
8212
33333
10919
34898
32126
37823
6017
17872
9802
1525
6814
24242
16786
12672
2032
2529
11307
9322
39667
8294
24276
14621
22851
24074
30150
8088
22563
3784
10256
10839
3429
30016
32139
20255
6798
37072
40230
28286
27047
10995
1312
28605
3938
2123
19335
9927
2955
39671
9343
5193
20923
20713
6224
33771
23324
1486
1788
35130
22064
30135
29001
4374
20206
23364
12201
24777
3963
26875
4644
28941
27502
33681
4583
12623
5916
37563
28228
22717
31842
6161
36649
12517
6644
3705
25764
28060
30614
28088
33569
25172
31512
10277
27473
9162
24290
1225
22594
4840
35979
33753
31066
25339
8155
19671
26428
35242
1728
23906
15343
31310
10750
24197
9595
20911
26564
36457
25027
37207
21518
29474
12877
25613
35740
24130
243
12792
32401
34678
17519
8209
10823
9459
32567
12704
3435
11599
3609
6039
37523
35106
5178
12521
30045
34518
6058
2831
25856
18809
31327
37102
2494
20552
4955
16496
16583
24603
29545
11541
23067
31571
35067
38107
16333
40219
26120
3222
8266
8055
6669
7299
4713
10524
2578
20425
30483
10638
24186
15262
32658
26801
30345
560
13507
7142
39414
1424
21835
27452
33072
6080
25498
30688
3018
12834
6003
12793
35619
3600
23325
39954
39372
23256
30280
2549
25819
22516
38769
35049
25805
28830
36402
35269
21368
23406
23428
12165
22212
4258
37087
12105
39633
17596
13229
31653
867
28552
28395
38337
33989
24283
22853
31208
12698
6416
40585
22001
13511
23097
21854
33763
9781
23783
19557
25791
2249
40047
89
28610
31082
13398
7360
37242
16067
23234
27062
298
27389
4481
36893
7541
11404
24991
28566
36100
33247
36492
16056
30730
37425
29743
28685
29600
25302
40282
535
9218
19157
21999
32360
36816
36188
7754
34734
38147
1702
21448
25989
1178
4062
18212
3644
18107
3524
11028
22261
25161
10285
15892
24403
8871
33868
2718
2835
7067
23454
18173
24923
9297
38193
17236
22044
2300
30137
36259
15462
24268
3377
12745
16179
32102
30081
25221
12758
31904
39881
5575
610
3295
7172
10080
20451
19350
22932
14215
10884
37831
2294
486
28379
31934
15885
30592
1395
12776
3719
26343
318
8557
33803
21480
12175
36989
25834
3989
10991
23637
13919
4502
37351
14213
34990
27497
14072
29728
24966
19658
1635
10751
4508
6225
34453
17853
11196
25207
7288
6280
32106
27114
10601
35181
13489
34983
24237
20398
1130
29720
12477
27869
2502
20939
16534
10437
30714
3733
29687
14501
28668
6153
14530
15289
35025
28090
33463
1540
6810
6943
13341
9030
40753
32447
7171
24613
6339
35441
36324
32600
17580
5375
29937
19969
34294
17058
35214
15263
1214
18460
4492
27990
8828
18779
39074
26588
9761
13803
15916
29663
19714
21161
34120
12934
35690
2008
5041
33634
32689
21358
2463
38643
5297
31747
884
38212
15613
20266
17927
32279
6958
29825
12616
14983
18337
10379
21879
40640
10233
16710
25744
27128
31801
14135
11826
21513
39834
15081
9898
14478
39774
39501
377
2851
5204
14131
25431
13853
15919
33338
11624
12145
363
26216
39435
36239
23444
1973
39771
31903
20789
17055
13352
29148
20244
30666
10742
23083
2742
35315
21383
15799
21524
32334
38794
14261
35783
19732
38749
19081
10971
10590
17064
20402
25378
14678
6787
15067
16284
25008
2009
39733
30838
39851
5138
1063
3068
833
35061
12658
21743
978
13859
20287
24517
26029
9954
26557
18116
33070
32408
7368
27303
2547
18625
18387
24450
30060
15126
36619
10652
34888
40119
27647
6630
20265
19481
33372
28601
21507
37415
32996
34930
35310
21799
30276
31670
30393
31145
997
321
34585
23632
5559
31501
10825
18280
32529
37112
20094
12299
35618
3489
4999
17446
33455
13979
38825
28761
23456
6174
20989
3478
11115
14974
11308
1913
19184
16311
32403
17470
2007
12922
17813
10836
40094
37838
13047
25247
40756
29950
6937
7272
20242
33718
25275
30336
21440
208
38269
13860
27132
24327
5946
33377
18911
22422
27401
5304
13743
35412
27268
9379
5612
5209
12790
21889
11981
18541
31360
29526
34766
32323
37994
30289
1355
31927
37172
14202
9376
9746
22756
13478
40237
5269
614
15800
1976
29281
12190
31789
5917
29202
8645
33436
26188
30398
32526
29924
33772
1196
31451
22583
8160
3411
4763
18526
33431
20890
22484
7378
31273
40623
17586
1697
19629
11417
645
29278
11483
27379
26688
16979
11530
30110
16970
37525
32008
30458
34958
19855
27095
39409
5237
19050
2499
20142
18391
33604
40374
29586
9545
30521
18191
17318
5761
23546
15456
2837
37888
15310
34321
24969
16967
24324
15166
37084
32863
1727
26237
35948
7620
28052
33824
15208
10039
25625
17973
3115
16922
28929
37001
36160
35400
7695
37918
7227
33741
35798
6790
14676
29776
21264
8465
30473
21431
24510
8338
22005
19940
17681
15706
35519
23490
15469
39053
27747
22350
33704
34885
16467
12804
2258
40386
32823
1261
38748
34553
14509
34516
5847
1612
25935
24987
5985
25461
5544
28662
17141
40058
17696
19524
17986
24009
446
32312
3476
38873
34053
6635
25687
26483
19539
536
36799
40520
21260
20418
38722
29427
19069
29926
22178
3985
6559
21227
25950
8681
31113
14151
11726
21884
27897
10228
38542
35156
13770
18259
4841
31506
15927
21149
26165
40687
2644
38718
15612
6685
18695
39407
8098
9689
10343
22463
30144
28248
35639
4430
14243
38445
40158
40787
35375
20777
2637
25516
14291
17983
39225
4100
31184
13254
24080
23027
34583
32727
24354
3424
22603
8857
25319
4034
18956
11751
15812
27627
14955
3827
13209
36430
173
40439
25868
28954
36761
22819
40748
107
29858
9873
22123
23126
25119
707
26193
20458
18719
37722
30534
27299
26365
33480
38518
17205
25507
5048
17513
25095
520
5101
29956
5136
26662
16140
6374
27950
10545
8815
13629
19828
20407
27740
35744
17118
23731
16773
35550
15339
9726
38992
6868
10302
12682
23489
7881
40840
18178
31361
11948
4993
24544
29707
25526
16520
17061
18159
29428
31687
10999
10378
17208
20653
3884
3142
29710
12547
23056
37065
27327
6545
13988
15839
17960
10872
39019
35339
3426
31013
6605
34517
27676
30126
10474
34388
12608
3031
37279
13595
17152
37344
34211
20893
38215
1574
27405
24482
418
38895
25634
34401
10784
21967
22675
32609
12614
30292
7212
30978
39500
1505
1759
26062
26217
29719
1811
18960
12545
35999
25794
17253
22842
18714
18572
33958
40601
25421
20998
12442
34092
17599
2344
7724
27698
38536
17025
783
4142
17372
40618
10305
3192
38844
29859
12462
15872
19495
25108
31098
40590
34087
4860
25555
13641
31409
11444
9024
24800
19778
31428
37827
5181
22615
32056
14017
18333
5866
31170
7650
5945
26981
31854
31634
36378
12323
9958
18261
31699
4879
25965
29741
2822
30195
1711
5202
34911
14102
15063
26206
26291
23396
39698
3528
37561
10061
26198
3902
38175
20805
40307
30459
13835
11330
30224
35101
24131
31026
27797
39724
8643
4669
15990
14773
14569
27481
29948
5225
17956
17896
17475
33665
8398
35021
30928
30361
23673
10019
40013
9740
26558
37747
38297
16242
37206
33342
17086
35833
5493
20755
23437
39845
11101
23672
32201
3663
4914
18431
20214
25332
12630
39746
33908
29340
30193
6522
6895
6804
23179
3006
7956
32082
1820
29030
14381
37175
24850
589
25802
37286
37786
20246
11659
2679
37760
29348
1658
35210
12695
11114
32029
3033
12519
30266
9348
15454
26614
10714
9207
132
3347
15823
21059
11178
14848
23128
37810
6143
8987
3625
25345
6706
27098
32329
10713
37997
1755
30984
26952
2989
20990
33545
21931
35070
15194
12392
34695
14639
21365
39568
16604
37305
2914
26290
10079
30866
31969
23543
40519
40649
37687
4521
18492
811
15967
33124
40638
2758
18319
29671
5263
68
23705
20004
28486
39963
3547
37068
28237
19695
12418
31079
17159
20437
19985
13330
37146
10768
10399
29366
2860
38746
7410
30112
23233
25396
2332
23537
24903
16464
34779
27671
39747
33670
4080
2110
32713
20843
20826
13114
9819
24090
1888
26288
20315
3062
32606
37638
738
28200
27340
969
24468
11136
21634
40177
38440
1445
40087
31102
20205
24387
36322
25141
6354
40127
27768
3277
36120
38750
11008
33437
39715
30507
19354
37463
17043
2659
6116
21500
36801
3335
7579
12620
12241
37555
13303
15880
32591
39370
35033
34475
497
11249
3807
5367
26429
37225
9978
309
12294
32924
1564
33936
11009
39852
13631
34396
40137
38831
27855
20866
34295
1298
25604
30647
23068
32968
14474
36199
17314
35220
19222
32915
7895
34379
35089
5991
35742
37030
5162
13611
18207
3558
39687
5780
40676
37567
825
19496
15495
16213
10431
10871
40334
11579
3529
39787
37004
28898
13983
21140
9646
24859
6554
8358
2783
39246
38659
8456
22250
24782
22195
10880
25576
31393
6910
14370
38157
29102
15391
26412
2981
4291
28491
27310
27769
31995
8450
35998
22832
628
14563
23403
656
2252
1286
25768
17326
149
18711
21226
3659
14950
13620
34472
1742
15439
33597
4407
31173
24040
18697
15654
38681
7998
21185
29715
20055
6797
22352
40721
20169
10265
40380
38660
20413
33424
34174
18951
36005
14863
32211
14867
28450
9992
6166
29605
27060
7739
15394
5238
5618
25281
11897
23110
15762
10829
40641
40363
15780
26388
27271
21830
34663
24767
16274
513
16624
12919
21347
22754
37780
10252
1803
24907
15422
23498
10570
1172
26882
6159
37801
25425
19029
18599
3796
14482
23595
6123
26793
14472
10099
22428
11425
35404
23718
18844
10915
10885
6118
8395
23719
29988
33633
7467
16815
11865
20147
40811
27881
14156
10479
22329
670
14871
35961
216
30154
12410
30252
39087
28002
32264
37447
21737
26942
4289
11626
26791
26634
27850
33145
3758
30225
12610
18840
20482
21633
11586
3519
27447
22868
6480
27890
11741
31729
16229
18347
12168
19431
17800
31546
39172
19349
26491
38970
34754
734
15220
25443
22369
22258
26008
13074
21786
26374
3514
29810
1052
24226
32107
31860
14959
12542
17615
6151
3724
4889
16197
1104
36002
8479
10328
7326
25041
36715
13705
27606
40842
9458
29058
27387
15797
40816
20182
9972
26902
16939
34051
26675
10549
20631
26796
12251
25395
21590
18360
32790
23704
7823
4850
32988
31164
34191
13591
28509
27357
38917
21276
32688
13501
2859
9432
1188
8498
26104
31523
3339
885
35331
20178
4871
8059
15931
10123
19766
16550
9485
29696
4565
17299
8717
23837
33152
22080
20345
23137
29912
33724
20598
25305
37998
26612
35632
19141
19433
2540
35224
40403
3809
28646
2928
40323
26465
15372
7161
23809
19152
585
31298
37845
12720
32198
19876
35561
35620
2779
23036
33848
14030
21018
5191
33443
31054
13806
25645
38400
18094
24142
19457
439
5693
46
13842
13262
27678
9690
7512
28900
25617
6528
13467
15851
1561
24832
24160
35832
26716
26324
21425
22222
26973
25611
39749
33149
27733
18001
9062
26439
37081
25995
1428
20041
2330
39923
25492
33469
4998
7737
10029
13745
40358
25769
26650
19485
32515
32234
38001
34185
30085
38082
23184
5778
21959
6397
4500
27720
24759
24086
16584
13198
21244
30772
13695
35724
9823
18587
25877
33368
6448
34661
8342
4350
38057
3270
30478
35055
19502
26096
37893
10619
18275
36130
8804
13828
25788
7434
14687
26904
35479
5383
6372
17419
12809
7944
22391
280
2665
30249
21563
34238
32722
36548
3962
5767
27599
22148
34861
20900
8121
30343
21057
39359
9866
9895
14062
677
14460
5729
33560
34674
31722
831
28772
37751
21704
35153
20176
20855
15260
26110
20091
31259
19059
27539
27001
1498
29368
35983
19435
34689
16334
24402
22591
3310
357
13957
2591
29583
38085
29216
6330
40406
24951
23733
31917
9791
36555
18784
26550
40222
33677
39448
26438
5354
12127
958
35679
18564
3639
2773
32794
27619
15871
2752
36534
12484
15529
28885
3261
16106
27622
1075
4959
14232
16233
35066
4069
16518
34103
14087
19610
23868
4593
38204
27501
17702
38324
1646
38136
17336
14451
19970
30465
24664
10210
34529
17620
28133
12280
12879
25749
4329
29747
24678
23970
19814
32469
15329
2115
30221
19396
23473
13064
17548
21446
39418
36462
16280
19030
18808
34059
40633
17004
17662
37608
6303
22773
26226
10247
32224
3931
7383
2094
25442
23555
13612
21119
25037
5348
18426
9647
37011
4859
1376
1221
15566
33757
8756
38886
23317
35281
8077
2019
5839
8584
26255
16336
19373
2879
19875
14590
15014
23453
29886
10629
28817
16214
34725
6971
39936
27472
293
6217
6949
15952
16337
2130
554
21846
26525
1645
28119
5401
20087
6403
37793
9197
18313
19667
14527
6503
1882
16691
3819
9144
15055
28076
24389
36275
15752
17925
25102
8278
29680
23104
37932
12138
30446
30868
21068
2933
39066
20626
20513
38220
9034
25557
37771
17012
29108
34630
24110
32551
444
36515
33313
9924
27857
25410
19682
5067
34698
40242
8988
20894
38345
27651
7953
20424
5384
17567
3533
27056
20221
9176
6012
39952
12836
5447
38037
12397
18447
38555
25999
4933
651
38039
13387
9279
28234
1848
10403
18349
11401
36674
18980
9883
32818
12264
13711
24904
31460
30512
7656
2297
4728
11141
9926
29037
13819
24469
15098
33440
10072
1379
21946
2307
29749
39506
9578
9359
32636
5106
13178
10804
36733
3571
36965
39065
37912
17273
19611
25532
23065
25742
36716
36698
13453
2478
37708
15250
26812
31773
38730
30902
9666
13734
20197
36617
4447
18372
36194
10916
32057
24605
38367
13866
16762
11872
4242
34533
11135
19662
7617
2944
30985
7442
14366
19820
39742
37295
22689
31518
15383
13596
12098
5844
25377
5410
30568
38520
37689
34478
18949
29709
14490
25325
36995
25147
35814
8730
17053
21942
8002
8414
1834
23539
5094
27515
24104
27338
6027
12325
39965
16639
34985
1450
19533
12081
38710
33103
37988
19510
28670
8520
25413
19822
13080
39906
21413
25592
37376
21932
19659
21175
7589
39873
32991
30610
39959
16531
11233
14865
33324
39888
9223
40450
26994
26665
31268
31095
22390
21146
33580
20151
25931
23931
3948
14928
16249
4640
18905
22494
12220
33330
6897
22161
9862
30663
29690
30841
9310
27343
23506
37895
27983
21222
4012
10688
7957
1691
23297
28100
9846
38453
2279
11046
1035
38791
21391
38841
1350
14922
22931
11685
28493
19118
15397
32367
479
6278
27177
34742
16421
23600
27213
26109
2921
17057
19356
39815
159
11364
15455
11212
3311
37161
14774
6030
16800
18742
2613
18669
17166
33182
5947
4749
35511
20107
21859
34909
1918
15430
2621
1031
1072
533
8684
12615
10068
11228
25080
8740
7319
26067
18994
2069
2976
6002
15099
38798
18981
19588
634
15639
1141
16517
25420
7797
6109
3840
5000
21077
3401
40203
13001
36692
1038
25111
16553
15499
6915
27980
13155
39068
3877
34834
19347
93
33248
24113
35102
23296
40217
9800
1795
19791
5028
22677
16579
32031
33255
26507
21129
982
24014
4488
13715
23826
18437
23665
3325
34867
36306
31406
4727
29208
31300
34434
18279
35291
27596
24763
15153
10921
5319
8051
18232
37240
19343
9367
36344
12136
10287
23659
29571
3041
28843
39307
32043
2292
18147
3852
2085
28015
11151
24358
5179
4316
6777
1914
34412
19255
29379
30073
10376
30803
10612
34071
28157
26292
39096
20937
33402
18392
19752
24267
28589
40605
10689
15088
11940
40824
10254
5159
31169
9542
31235
40306
9501
13283
28720
32038
21977
37690
33053
22703
12972
18681
21973
40762
22070
23169
28724
29322
20512
32478
21442
25400
7356
37435
40460
8468
29564
1750
18019
39424
37659
22990
17876
8714
32033
34711
22535
1124
970
28135
3687
11660
9832
3289
14905
33548
31311
22508
29968
5614
1365
13644
27508
4523
27179
6573
33137
3060
37491
679
9377
19556
35665
30522
6229
37236
20909
28387
34081
20281
34194
36167
27837
10266
5534
5798
16104
28065
21963
36782
678
36578
25358
32467
20672
39757
33307
31819
27712
21319
32679
35504
31832
26281
36598
17440
32449
32584
17871
39564
24826
12896
843
6148
18156
19933
3530
1414
23219
31239
35470
11808
33696
7533
7623
7574
14422
10174
10025
8968
36866
17466
13386
11871
14496
28936
37503
14031
31533
22782
13385
30047
38458
7760
39566
39967
35947
17087
20023
20333
7294
12905
22902
1024
7035
2770
9797
26084
12702
37635
4913
37045
25374
35506
17047
8858
20643
19207
23430
16980
29528
32223
36789
23150
23102
28608
26191
30645
32479
24497
16316
39524
29369
14376
21640
32922
37462
3020
14182
35297
5379
30101
18109
26579
24861
16225
35652
9415
2450
6795
36566
6268
22392
19520
29929
34849
6305
21153
8420
29598
20754
18932
25944
468
12543
35800
34163
38033
20009
23832
27363
39351
14642
40080
23115
12742
17683
22257
12783
4775
22843
18523
16275
21404
8138
20742
37411
16516
21208
18525
37333
23207
16376
6938
23750
19389
34107
19112
2611
3947
12838
23446
34154
14273
37408
26154
6513
1822
30927
39826
33226
15945
29095
20370
583
888
16148
26649
38782
14506
2342
16515
6509
29052
24548
13270
37925
18435
37756
31009
26366
3643
31807
26470
9270
20148
8493
11958
34991
8601
29051
5373
4511
11538
6942
31417
26745
7240
36342
1901
345
36498
11453
16349
1832
40734
16162
25525
25321
37847
27396
1158
32169
17540
36751
7832
1724
11592
32072
30871
26600
22448
30024
25757
19998
37528
35046
36851
15756
18961
29343
9692
27091
21323
33462
10611
26146
39672
16653
18792
15724
537
5570
36535
38409
13767
40377
27954
36071
19971
22803
30181
9438
2877
12232
3036
24524
13944
33104
19379
30633
1500
16165
40783
15873
7769
13672
25528
22697
10226
6791
6106
18129
13435
37163
33648
37185
27170
29638
456
22345
18743
13708
40328
17526
21291
16934
18284
34069
14125
31006
7758
12094
12794
17860
1659
27580
10380
37039
23023
4224
33801
12404
31195
14802
36316
24452
26574
3987
12337
7901
30119
12472
34828
7428
32895
25857
19091
12426
39097
8613
8299
9583
37188
31672
14826
20232
23997
35263
38195
37904
11210
2808
8819
26947
338
404
19884
18615
25015
22089
25269
19398
2053
26646
8382
36331
17712
19687
11318
15714
37577
1344
35142
18170
5029
12703
40175
6723
2720
14953
20822
40797
1737
30253
4892
18945
26803
18598
1271
34044
32099
16926
15576
25062
36451
40001
22283
25073
27536
802
22631
10805
28096
16408
37562
13173
25304
39799
8442
3107
22488
30298
6219
20831
35027
31342
40190
6877
13966
39741
39615
15545
39717
26738
31344
34358
23698
40258
10799
32237
709
23463
12249
39161
11223
1168
30447
3206
9799
29024
19140
20897
29402
39155
21224
33481
19501
2289
21309
39035
13374
12591
10062
5673
9974
6353
17423
2641
26532
1971
37153
17398
17571
29114
29422
33271
35562
32691
25930
28290
10337
36546
3801
11905
23021
6326
1619
32066
24985
8413
10564
16441
25466
6788
4337
28222
7253
33822
40402
142
34975
6060
12317
33354
40211
4656
39835
28932
36404
25218
26047
28544
12079
39185
24541
21450
17668
12247
770
30026
33188
35672
39887
12048
18441
10963
284
22198
8076
37192
25715
21295
29375
37656
36533
14595
4987
927
8426
7496
17691
34336
3909
22177
8685
27182
27294
23474
18576
18020
32017
9721
18565
1703
14119
7049
530
37948
4855
17950
23148
5511
25403
25494
29235
39659
10255
26276
8359
25843
37317
29970
18682
31091
13630
28453
13818
31060
6300
7686
26937
9725
13312
24023
28155
4725
31737
4455
13214
34681
3710
7979
35235
2229
2896
13956
6087
605
25488
414
32926
28243
35318
24445
21623
14588
28883
26988
27697
30171
29395
11504
21572
9057
29967
19453
35623
17851
22099
38919
33054
23054
34762
11506
16042
20904
4342
32763
23528
14441
27684
23898
32902
32976
3194
891
27256
39314
6040
12897
36084
30581
19026
40831
25188
8759
25647
1735
31374
24513
29143
4032
30053
20018
31738
26296
19641
35298
25016
36099
13540
12730
21624
36154
39503
25809
24374
7047
38415
13485
11269
33953
7702
34669
13692
38426
26286
17749
24911
37599
26540
38378
26404
177
28951
618
6491
2071
40582
18007
16822
19661
6088
40711
15716
23314
9869
20036
31396
9312
30436
13938
24464
24863
30980
7830
18532
8185
30036
19158
5905
17453
288
2265
12679
38270
39453
18503
39855
4199
37826
24891
30692
35505
23500
10071
38211
7062
26860
40310
22219
3859
1025
29673
3795
25586
2522
5120
242
28260
17658
37214
33787
10139
32905
2550
13761
32040
28266
21352
8935
36916
17418
32862
16946
38090
20168
12984
39977
5341
6569
31319
3323
10116
27672
6361
5411
27156
889
37739
8235
816
18325
6373
24756
25697
32784
21210
7091
6560
19019
11084
8860
1372
32108
6408
16509
24475
33571
28435
33051
1140
8007
10158
20324
27674
38406
12130
5424
31291
35427
20138
20419
34835
12870
12761
24222
39974
24331
6847
35308
37986
40101
28684
24472
29486
549
7394
36911
31779
22543
2275
27530
37726
1799
21341
39945
22688
23726
10655
35932
20693
27561
22723
11486
28264
28709
26631
19646
28762
26147
36662
10633
3917
39940
7661
22202
5626
13616
20674
31296
2154
35296
4469
30079
30826
34018
27581
7996
24125
24690
12045
30785
37479
22400
35597
27153
5747
36187
7647
8406
9361
38359
14738
30887
16339
19994
40415
38069
7485
38493
33510
2697
5971
1129
18933
27849
20608
38780
33844
20786
40189
6621
6932
6539
20462
33035
3416
2100
29344
16393
22269
39575
17382
37336
6435
26946
1838
14450
11678
26656
10568
39650
16924
27794
1531
82
37620
18028
29568
24006
24805
17427
13307
18804
3452
26074
2717
30657
19664
4325
30935
19135
34935
15106
35732
8175
25156
11118
19500
30691
30950
14511
39776
23173
30493
10789
19891
37619
18737
35711
20791
2444
32710
4518
25
9216
35332
27196
28678
16684
31682
32918
9011
19075
5164
11017
821
21350
16163
5653
20677
601
39810
38031
15074
17863
12327
38674
34869
40683
12010
7809
32287
20806
18058
3593
14887
3299
33288
33913
11078
18916
19443
3932
21603
15048
23153
38813
8276
24543
12496
7822
37301
27187
35708
37373
17345
39775
37667
19888
27927
34284
26
36884
36891
39662
21156
28994
27616
37926
16910
27929
36277
8485
4290
14339
39924
33067
1357
23328
5255
11713
13902
368
38816
25040
12236
38608
16543
25444
11268
2983
20332
3388
15029
18990
7583
23354
16323
16896
111
17911
24574
139
1764
22630
4729
25344
3849
15858
5696
23944
72
34243
35656
20256
32474
27247
36288
19627
21995
69
38499
25683
21983
4802
1160
25517
3456
17257
26895
12485
27422
145
15362
35637
40560
3967
8402
13800
24034
19628
8699
31987
32904
32702
6381
31693
29498
39494
26006
27660
5039
35991
7867
2473
22077
307
18174
35432
25441
12498
17899
18856
38064
32741
7639
40312
16356
26034
7877
27710
1808
39103
25638
27434
40672
20384
6440
4627
21503
21982
40778
14566
5332
35222
30533
34249
18660
33382
39909
30942
34737
37018
12782
6592
33780
4417
37002
5898
8761
32672
9238
7275
23084
28960
37160
25175
2978
1631
31357
28525
39204
3512
29520
8803
13920
21910
27673
6906
26806
28085
33484
30962
36081
31378
15041
22179
7233
33298
13300
887
38967
5902
25977
2849
32837
16136
11652
2931
29940
34130
40834
15727
32362
32726
25185
36729
13304
2801
17644
32265
13415
14341
19567
31777
28027
40763
36615
25550
1680
14828
21079
10015
2700
22731
33471
28867
7683
23092
14164
36785
19045
19838
15594
26209
19844
24852
38213
7987
16495
8452
34406
28081
32024
25920
39055
7226
3998
3469
26419
38939
38295
10188
317
29540
10705
36931
38080
30235
34289
24414
39471
40235
24740
18582
29942
37750
1190
16833
37970
4328
11635
3607
27326
29025
20
38565
25569
16519
36946
34435
1346
12988
13381
4986
15883
39927
16918
9934
14241
15009
2480
28967
12853
7104
20113
28803
2500
35916
4827
24408
33350
35667
30526
3045
17286
33130
7292
5500
31107
15956
5118
20702
13721
8355
21805
31602
31748
36714
19170
11537
40820
11770
5931
2346
27577
23194
36472
29442
35754
34933
2711
22291
16848
10465
19565
28792
167
36383
18575
575
16054
5713
18640
25149
35148
14834
33983
39381
39955
15427
19870
39436
13204
29490
1939
14225
31935
20361
17914
32511
35624
7413
16633
38908
18423
19172
4692
25354
11019
36360
10509
29589
33739
34391
4164
18923
25485
25886
2140
13714
16614
22787
28089
13088
28299
2816
14547
20252
40492
22883
19889
25369
28213
4065
4444
16478
30671
14115
18268
32475
20002
21410
15170
20421
32838
4298
29827
26674
16331
18386
21627
17676
31116
3381
36504
25353
30748
5261
8019
2919
29607
10806
28165
7898
3139
30724
25230
17112
7382
29574
8571
27693
40376
9536
39685
18509
30162
14294
8692
10261
28160
27328
25661
38122
13296
19220
30238
18416
4284
34715
33813
38056
20505
28606
23598
21554
21475
35688
25127
6783
10659
37715
7050
13158
16111
29980
26878
5998
33859
40054
16588
33923
32704
3207
34749
39192
10451
17247
34095
16999
1870
35496
33766
11297
38002
7132
7472
24091
26338
29105
40390
30370
10064
36806
7310
34511
19178
31320
26253
20172
31438
16698
39100
3727
25810
19198
11778
37014
39911
11536
5938
11633
28467
31308
40749
11578
24212
18758
11291
40540
7814
8808
9903
20765
35834
31940
8133
36298
28902
14541
11943
12531
40854
31552
32545
5701
15603
2623
36862
417
3808
22104
7015
13634
31277
15926
15595
3870
28924
36152
35978
9003
20030
29345
1629
28825
6860
13441
28581
23455
12150
660
40808
32541
29317
19352
34442
6682
35986
12751
5245
7781
26695
29
490
35684
17352
14795
14936
31629
5153
13219
6363
14005
21679
28916
3477
23006
21108
20472
16057
34332
31487
24070
21151
30530
34030
743
18476
948
7948
27308
8960
2254
19430
10640
29338
36955
33703
17607
39953
30770
4132
15356
25739
11629
31570
35799
26538
39367
24519
29174
6851
38282
11394
11235
23965
37841
15745
12419
23385
10678
35939
21207
25656
5520
1864
19680
16642
38420
33225
20722
32662
39770
20565
22965
24505
7425
8513
11603
1524
3042
31276
27048
36349
15497
10709
27451
29790
33452
34847
2432
34387
17694
682
26945
25003
28847
17452
6799
11470
295
24296
24577
1483
40656
11229
11590
27335
38373
39677
6415
15187
30037
32685
23318
30579
3196
38958
35414
4989
8783
10571
18839
40049
14097
39772
21636
21471
35177
26100
30734
38598
27587
4969
21691
7532
25670
24653
14640
29971
15403
30219
13889
24351
1590
6924
16867
29931
29261
28292
32300
29659
38319
14769
5439
38764
9993
3473
40462
26749
4015
8501
12747
1763
9398
10121
21321
10766
11252
23434
5145
22749
5565
36869
4476
35831
9077
16446
19515
16080
761
21241
37877
20651
33667
22955
12223
28507
18095
6737
9061
5476
22218
3635
16287
36255
2149
13548
16568
28116
26489
10600
1719
37757
15466
9383
4427
23030
20818
10814
16829
13172
13873
14747
14907
30058
19251
9311
1738
23908
11528
21919
4261
35045
7629
3272
20857
21544
33315
12439
29820
39556
15798
9225
18601
36641
12134
7776
21133
34593
24862
5552
11122
5740
4116
957
33390
31793
37235
24440
31027
40426
28913
371
15112
2968
39638
19187
23981
14477
17857
13284
26458
13667
24637
35512
18816
16160
25815
40613
7334
26339
33921
40292
37540
1942
7196
33649
33671
31120
38852
30625
26023
35194
4091
24597
20881
30541
6708
38264
34902
30966
5214
38154
11038
27959
31003
23327
34586
34283
36068
33391
33700
9254
24251
13704
37321
31766
1678
16501
8801
38929
8918
23019
32322
30945
7869
18096
10385
30981
19873
9699
30397
3431
1164
4978
33506
16100
10335
12666
36838
21320
24535
31446
37573
24031
8703
3324
38757
25591
16351
20317
34874
34831
38680
22377
16507
8785
33589
35469
12958
15004
11443
16172
27875
34313
37361
18771
22033
33399
17322
36572
2098
39300
21180
6944
29271
7861
35159
8622
4877
33697
15596
3789
33417
5706
35965
34309
8878
23236
12343
31369
874
12183
12526
16834
35481
30324
13541
1199
20342
36668
20579
22917
12029
31288
9442
30673
189
2498
15932
35484
8625
6945
23226
22050
16326
27883
10505
20165
3497
2521
24797
19053
2959
7008
31075
2462
35992
35362
722
28786
27663
38704
9186
13062
8688
39563
37451
2131
31900
2472
34286
8659
1845
29072
19134
36211
35240
1495
39247
9748
32100
3154
10414
16988
4755
23902
11691
9347
22732
23326
35908
13364
28025
19464
17091
15464
7784
13059
34594
30450
18624
18394
18438
15270
22408
6279
31099
27708
40027
13224
11180
27267
19047
38363
24307
6690
21251
40448
16577
12632
2312
33723
18140
36653
30099
19277
36777
39678
5063
3238
3692
40789
3701
21370
34763
18886
36129
31127
34492
21318
33468
6612
35013
27470
39186
13042
7219
2616
12047
7051
8415
38982
6639
7484
35434
24371
17593
1527
23891
20892
2436
9600
36069
17516
38810
13342
30185
23769
20774
16180
32764
4863
36613
30366
1457
19802
23958
331
38803
32708
25112
10024
2422
28162
10004
644
35344
34563
27278
13850
34882
9614
34978
16677
25090
16645
18701
18993
7913
33719
23949
24449
12500
25029
38018
34392
4031
33961
23536
5764
35270
16319
25951
36263
12888
20928
1988
1946
28519
7631
28103
9767
18304
31496
17272
24854
39120
35982
886
39711
22859
32783
5228
37397
19816
38618
5197
38624
16618
1296
11966
23439
11918
15458
32046
35233
3936
28858
29049
12233
18750
23972
34425
8556
33013
14630
17938
8012
11292
10245
29488
12194
6327
12556
24864
19267
496
21407
20808
2143
26280
3632
8525
23372
791
32199
12461
10128
7912
34323
23497
30109
3768
10003
30819
10680
16565
18560
7536
35322
17479
10763
32455
10487
10822
37229
15784
14207
31605
36247
17495
20744
423
39016
15259
14334
13356
22901
36251
37339
32681
14789
7722
2598
17391
29504
40133
7742
2293
12606
17793
1954
16940
17734
20714
980
28118
19981
21171
6365
17441
36003
15669
12149
8827
29758
35616
21901
34301
24745
4136
21962
33988
28522
20919
14390
37886
8716
13689
17459
22940
28597
22816
15623
7551
20047
7108
24616
20671
23508
21164
16871
6859
31254
7543
27043
12638
23145
15914
5818
7507
24833
27997
5619
13222
17238
19708
38966
25134
24378
22158
35314
22206
20972
5988
6035
25533
6526
31483
3783
11524
20488
15923
10819
1299
27967
37329
17130
36278
5732
25337
11457
26827
9629
187
14891
11015
20257
5702
32958
18389
16189
23485
7082
7673
36173
37260
10846
27953
9567
1982
22836
25985
28454
20823
22833
1780
35054
8333
239
25512
29646
18241
11549
9121
1885
21558
26683
3030
30594
37125
31452
18122
19317
26933
39652
8544
31000
23288
12166
20184
29246
11630
9529
31894
17952
28666
17121
7726
33692
37677
22995
32684
30141
4646
22323
8119
18098
18004
26608
32512
35335
4323
10833
9793
20797
30444
10248
4274
9135
35345
21827
9363
13532
35837
4073
11459
36530
7857
31701
37955
1886
22303
31562
13618
13775
2600
37924
34359
17018
16662
26126
6281
29645
19750
39846
8942
39684
130
23466
4658
19497
39079
12020
5284
12411
18379
29693
15301
22720
10892
9788
2557
31423
12276
18515
2063
40131
10187
17866
12605
8632
27094
35329
23977
23260
2350
12436
9374
8120
20966
4548
30670
40108
24250
18496
5270
7019
21834
33083
394
13005
9729
10476
10944
17525
78
4035
28499
25215
22926
30373
33768
13000
10780
30415
24013
39539
38877
7009
31690
6145
39443
13112
15678
26395
23591
8256
21086
36850
36652
18487
37060
17514
30909
366
4181
35442
25967
8901
26849
4994
39739
4869
16840
17351
39112
38761
13145
23432
2531
1605
2929
36705
228
9554
27800
19794
36875
5215
937
32822
30831
8915
30582
16599
10523
17435
1159
38869
36197
20589
40109
4369
3449
35590
34303
23939
20267
29706
14991
19984
12031
33990
16529
34667
36679
6922
31691
9981
18247
26503
21517
24984
30502
37874
26678
5291
4186
3071
25401
3628
22757
10641
26389
11109
20905
19359
40706
30801
40662
39023
36521
1865
38544
23181
27994
727
25765
13870
10374
4663
36616
37961
21844
26300
3774
36107
35571
38763
9830
21715
7007
25118
34791
13543
9530
24606
11345
21888
34036
28512
37640
16352
31674
8651
3775
11468
33058
37167
428
28130
39263
6507
13868
26755
39571
2536
2706
6396
6346
39220
22333
28046
1121
28294
37182
5497
10563
1246
33292
24199
18902
24054
33322
10529
5243
12062
20077
40686
39894
38424
33912
25854
20450
21916
26329
545
3475
13531
31792
34014
11610
33902
11532
33729
12863
15021
25440
20574
36805
28828
32371
12656
10263
3211
9910
25797
16484
38949
28550
12864
13480
4807
26571
34458
10472
28029
29991
2907
24893
33583
31724
20423
5746
17764
33079
9129
38318
2729
15667
40542
11564
16117
29923
16211
10317
13526
29857
33974
38588
2477
13655
38227
30346
35645
4452
20098
30032
22554
34293
22395
29920
5743
18602
23044
13048
7564
17546
29149
18897
6992
25428
1736
22537
21424
3690
29640
15476
4804
24325
17957
13106
19864
31106
16400
6318
8161
10484
31214
11032
29447
10561
3805
15971
10413
35968
2491
20022
40311
25751
24062
15936
9884
488
25231
26086
28448
5639
4326
2692
1090
16672
31787
23582
27563
40553
40716
30028
1792
13002
20194
25148
4562
5507
6355
40053
14981
19681
36027
5816
39703
18323
8527
24183
33139
23589
14608
25568
966
28069
15210
7246
40269
40743
5510
20814
332
344
19364
31399
26953
28532
18054
2902
40833
3891
21042
30297
37792
1523
21261
11062
15026
39279
19285
32143
2569
2645
13706
34561
29994
8482
22287
24174
31499
37591
16743
9326
6863
5802
38774
36427
571
39099
37833
19848
12561
27972
9213
16354
14938
12986
29268
12983
32997
26164
24263
18412
10952
39218
16050
20074
18081
17300
13804
25921
40247
12660
19346
23607
30531
26517
38594
40419
30041
23624
26386
35521
22566
39432
17368
31549
28325
39979
34565
1436
17790
2745
39031
24256
38457
8141
9397
12458
20838
38160
7444
8490
23105
23098
10740
40855
1594
3167
25651
34619
35077
26555
15324
19702
28557
17443
12355
18782
11957
39995
8106
26211
40543
2756
18406
38551
27012
6248
40781
32477
19499
7698
24072
34180
15283
32667
36525
40589
8970
8725
17223
35358
32683
34625
39262
23830
17999
11500
422
24729
29800
6872
3858
955
12159
31888
31229
37522
9280
37611
10597
34215
17147
20078
30690
34554
34783
38651
1215
10635
5150
16241
34225
30261
12716
7199
3560
6230
16947
21780
8190
35878
23055
38572
32306
4466
19424
39360
18612
19219
14357
10391
14545
21997
37884
9708
7359
8110
33599
38340
25143
17276
27713
36935
7875
39765
7461
14945
6732
35829
36127
16177
36626
30829
24547
22958
29184
38998
19284
26129
40551
36272
6486
16201
19447
24103
28815
13243
15699
5124
12409
1928
13133
40300
26786
3614
17385
28161
17142
35225
13815
17988
23300
37381
33779
38621
8975
13603
24448
38891
4126
38969
40351
14731
26918
4637
22109
12353
9082
20727
10280
19853
37178
37974
12041
23609
2362
27572
9252
34128
18222
26440
925
31469
38554
39426
10849
6842
26867
13642
11982
16443
20654
8272
30664
14342
26299
27084
15958
30258
7301
37630
12714
2894
32060
3546
13131
34739
30972
25703
10745
36654
8516
37960
17808
20529
27767
5834
26912
39391
32964
27219
19987
19552
21711
21403
27349
1966
30470
12862
39626
22810
9980
4917
23894
30210
25416
33061
28909
17697
39399
7505
24868
13468
15385
9606
1932
30599
20940
784
33439
13698
35756
21375
32772
5926
32070
36394
21098
22549
31149
2431
16536
37892
40671
15533
33563
40234
9775
12940
12110
4441
3964
12743
30214
4114
16783
1892
26710
31901
25509
31455
12432
35444
1137
7287
2712
20006
37875
11831
12619
14349
14402
31949
31096
20721
7247
12818
10908
29549
36395
29807
22672
13851
10088
37595
25227
39805
38248
27518
29135
10976
22357
8865
13786
4956
19494
38408
32855
21376
14465
31134
26132
23295
16667
26598
18722
2310
11825
18271
12801
16149
18132
11472
34357
29354
13371
22034
7668
6929
29132
14331
13358
32965
5149
40534
7075
25487
28514
2517
2746
19988
4813
23687
5417
24205
1996
38913
32392
13927
32544
20737
3506
37209
38049
687
32283
5460
10034
29370
12906
8064
10802
13273
30926
1506
4064
27367
21663
26606
28365
31800
20766
37399
36564
39704
20336
11990
38290
36854
22446
30231
15226
4503
36528
25328
9017
27507
40688
10883
1292
25023
37821
7765
35423
18385
8009
19025
27790
34010
1709
9345
2813
15550
32179
29050
9639
35962
15437
32768
7950
31673
391
9013
6691
40155
14961
1688
28235
39890
15010
36994
27520
29626
30776
11558
33212
31459
16893
27142
26021
12696
18324
30854
23606
23912
39517
27963
4033
11920
34574
13538
23162
36309
6321
9966
12654
7945
31367
32853
29649
1906
23786
12114
4765
11021
29732
21178
34704
13731
1875
5595
4459
35349
14383
16103
3802
27096
37769
10990
13837
13808
40767
39545
23049
28797
16094
25910
932
12080
6467
3661
7266
17819
12205
3605
11045
420
27280
14977
3712
20888
17670
33396
7335
26622
1120
11835
21188
34873
19411
7759
19995
33995
15792
39809
19643
6240
6749
28289
16046
5080
11991
4151
18910
3637
9360
33254
27903
18034
28704
2568
27566
29966
13149
12113
26676
35474
39705
35554
20409
31429
26250
5
29318
22662
25004
38585
13447
12680
33025
4086
18666
23303
27803
23189
15749
27172
35092
12558
30267
23789
12624
5011
20351
30911
39278
12200
21075
18874
26479
35812
25211
35257
3356
27762
35610
33511
34524
27073
24192
25722
7572
3656
23683
10786
12876
3320
34414
32987
36999
26163
7721
500
8772
18947
15072
483
34497
25520
20313
22660
27811
32241
31869
6789
22972
35827
8946
13876
20622
32015
28648
40265
6815
4501
23901
28091
36962
29219
3855
6586
38653
8477
39865
2708
40076
30495
32084
23911
32604
38925
20933
23404
33178
39689
24462
32761
8433
28644
25259
31415
38696
28751
37596
24015
39642
37155
34207
10670
39663
16597
26717
37788
6444
1429
24393
1797
22706
30296
10559
19125
11780
40531
27704
1881
939
16862
5489
4053
9476
5641
14051
15663
15312
33492
35940
9770
13069
336
37867
766
12427
19280
20327
29141
27688
2901
40569
4217
7810
15207
23346
13110
7676
16192
15891
28700
39857
10697
20372
33827
5645
15837
27432
35803
6138
28086
37645
30131
27006
34702
26238
39197
19404
24182
22814
37601
26081
38361
35418
14532
6713
25642
1249
13958
23363
10296
12950
32578
16084
31484
32035
34102
20558
24882
7177
7255
17013
20891
19859
31852
22576
37388
25252
22637
5735
26528
15142
37504
5014
21726
19728
699
6264
7043
6067
11679
22043
10400
25570
3589
4425
34033
2349
4710
22988
17431
13484
11755
26259
8844
24610
38467
27935
13561
30023
15366
29513
13457
30492
8243
22698
30894
21428
18013
4703
12727
32680
18748
14462
22124
20824
14467
5505
23586
2211
24349
21316
20752
39228
7736
33487
16468
24812
31752
7818
11729
27559
121
19975
26501
40780
14093
17177
40567
29976
6412
23099
12197
29651
34855
8817
26471
24771
25883
15589
22358
27970
4620
36372
30077
19136
32444
5155
37587
14619
6748
30412
16675
23818
16964
7006
39702
36370
7152
23294
38077
2083
36077
3766
4253
8430
13482
19319
15601
20003
23388
598
12560
33451
28330
31958
39876
13674
39590
32034
37307
38751
1690
4396
9104
8469
13978
8595
9983
22878
30038
28191
24647
37905
39033
33877
8845
26966
18308
19480
18480
39578
38494
4191
10835
24669
27975
4207
32064
13225
34046
4935
38666
36020
21490
19852
10221
38372
11356
26061
34288
16203
14613
32317
23168
6766
10107
14252
37738
35411
383
1391
24894
29346
39108
18512
24661
13461
31899
16598
31862
1683
38669
6079
22381
4071
2786
24936
18889
9592
23770
15771
22354
1173
21692
38053
33743
12334
36940
31936
25873
9181
27103
26456
4448
27605
40273
13497
39992
4831
32109
0
10918
18725
14066
18984
1144
38063
25058
956
11497
14736
5886
17746
23680
28303
36676
8586
21828
7562
18855
2872
12789
20696
35199
40518
11559
28965
19563
2774
16636
31232
29939
4895
37787
30306
12125
33778
23966
31612
13627
629
33819
34716
36294
12916
24552
33495
25052
14401
17405
98
24623
3389
566
24884
4787
1542
18650
7197
27369
20483
27895
22595
32743
40200
988
11338
23435
38316
1128
8446
18777
40149
4464
26596
29314
12842
6499
10175
19358
32959
24213
24530
22627
27427
34073
16226
29896
12255
13147
29138
3410
13769
25315
29272
23714
10141
14874
24580
21429
31784
758
39254
17624
16318
37396
26063
18705
11273
32625
33231
25059
18133
23759
2458
3198
11050
11476
4139
25484
1211
20983
737
14163
36639
6837
20769
11052
12367
13136
18440
30340
39544
7542
32758
7112
35731
26336
38733
12969
27334
37811
838
16831
28914
18350
38121
4011
1410
30733
9391
1501
23397
18957
19980
38130
2163
36367
18935
29262
15973
6856
14833
25789
4477
19963
4782
22307
26223
23400
36483
36721
40268
29509
26544
684
33535
18294
8996
31055
4636
11342
32762
27921
18110
29179
35380
10214
35875
36452
29166
8965
17240
18616
23963
11031
19202
4050
17474
1278
18801
8890
26630
6911
17133
19387
16961
32969
13899
30828
39181
21706
34155
31062
36280
38174
4970
17980
8074
29275
39330
23421
39877
34853
3288
26817
33939
15583
7249
26682
10841
37173
32328
40218
30567
13192
12808
30282
10775
37009
39821
17243
26043
19049
25649
39346
30963
4169
1477
27885
1192
35718
15741
19942
39665
28788
13723
7518
27100
27657
34410
20307
9575
15328
38635
8539
4237
6584
29872
34947
19302
40392
14643
4789
12563
8531
37330
2878
16438
36813
20703
6192
3520
33891
83
11179
36551
8868
16820
10739
32614
11674
39720
27703
13812
32464
20017
5425
33106
27542
39930
24446
34089
20780
26531
28339
33900
18696
14536
29866
30486
4522
32310
27184
21367
25966
20236
36896
15805
11426
32502
402
34421
30294
27336
8776
10588
1453
1839
36950
10096
1721
19361
356
36070
35377
33116
29374
12990
10603
28626
38395
4938
6546
25813
13677
7654
19754
25086
27261
17203
37571
13137
8762
25331
26436
24640
30234
8182
16937
31191
1880
29961
88
7959
8194
36637
13205
24437
17282
25543
28573
36746
31528
21096
26394
32879
15734
17491
11076
9243
38576
31131
11607
25367
34405
