36021
25386
36319
21510
12071
4360
11732
8510
35255
28759
29327
8578
21184
31004
28554
31202
35633
29644
35357
24571
12493
39577
8424
22297
34628
13314
29625
34192
18276
15059
37390
38036
16463
3055
22821
2892
2348
22935
13744
32217
14094
10687
22528
40800
8253
8644
14942
8833
35636
18751
26277
31893
26971
14844
12474
26269
38887
10129
11829
10889
32485
24289
25780
40276
12124
23971
16844
36080
20225
19312
22418
39174
4264
35098
34798
28931
21411
25801
20506
21312
13340
29936
18121
34300
19805
27748
9738
21268
1202
30481
18580
3383
3623
36302
40025
32869
5503
9695
23190
13203
29606
4185
40773
39310
31827
12310
21412
35391
35873
16108
30347
20751
18256
34777
12512
4428
24652
17522
13726
12955
33815
25324
22246
31271
6441
19008
35158
11139
10942
35364
24807
14091
30331
26660
5022
31073
39449
16141
11
31997
11041
8079
13129
27833
1094
2836
34884
35407
35078
29963
18338
39587
117
9922
33180
10725
29599
17155
14666
14308
1060
5074
10728
23936
25323
27439
19151
12073
19903
2784
11063
3124
21935
18794
23890
19291
33965
34584
38255
34840
34923
819
38789
15710
2553
3113
20024
34369
21004
6026
2975
10271
7147
3999
9047
35909
36599
31019
38444
1513
16860
32152
17780
29760
23074
27725
34085
18506
8480
35424
30441
32908
17354
3927
34708
13833
35589
3451
34621
5466
36506
14190
1873
12245
35024
24033
27318
11830
37907
27806
20537
2861
11225
20104
38999
11553
13060
11515
33311
18872
3391
39205
6864
9240
24684
35114
23694
23620
37418
27925
38388
31659
8781
2318
12390
34610
8859
7586
2662
697
21203
16958
17327
5792
1739
23660
31394
8618
13037
33301
26455
17097
10927
32098
35860
4422
38081
7812
38219
8068
40231
14688
17332
7231
24714
16761
6201
8304
30082
40575
26760
1632
15697
37714
22888
16492
8713
25674
3935
16724
11413
39127
8211
15515
15707
33701
27680
37678
22710
11562
9624
25011
35371
37696
27839
3396
35056
5745
39468
9935
13175
5324
21729
7503
38703
7345
34896
39520
20813
792
2769
6517
30619
17577
85
18863
12798
9242
26978
2575
22894
14835
6705
7710
17344
27198
28210
8372
9066
16913
35392
5250
27521
2810
39417
4288
12346
39459
1088
34622
27210
2733
17910
27548
28783
38521
22862
5016
10905
3751
16440
21385
17424
6158
40631
34372
369
37239
11380
27372
22519
15348
25465
22321
22544
28327
11087
2747
3495
15962
21078
30051
35768
30406
31212
5168
14039
17626
33494
302
27815
21767
9697
5302
7029
33811
6329
11973
31808
22140
28406
21821
39874
507
3204
14228
951
1798
23873
34011
18668
33355
33087
32771
3350
11234
5071
22235
16231
30721
30194
36960
13875
7010
23043
25368
26137
27136
6886
37935
10344
8224
18847
20337
28038
30337
24980
24427
5044
219
2443
14416
29722
39455
4991
27386
19934
25018
9685
18977
18891
7126
20406
16320
28208
24866
14144
16411
4778
38423
23433
36758
11773
3841
39452
21720
11197
13150
24028
17842
9940
28864
27099
5055
25696
39270
11768
34751
3762
5823
21772
7099
5068
34118
5838
37717
34002
31615
24727
15393
33014
16321
17705
20623
11088
21281
25890
10507
5463
40697
34862
13197
26762
1947
30170
34906
6358
9204
40041
29617
14909
37203
9810
12931
11481
29584
5909
16295
6668
1330
25513
40731
28410
341
24041
7130
38610
28360
35398
19897
21415
17430
18395
34057
40180
29382
39999
1147
29897
24713
40821
17568
35769
38103
6375
7129
9615
12030
39648
37603
14099
7393
17555
7063
36054
18929
21699
40851
6399
22136
23967
27352
4268
23867
16290
32687
2620
38481
28364
12987
26059
19324
79
39439
27613
15537
33920
34571
20689
6052
5545
8290
17295
25447
31224
36468
6500
34535
19274
20907
28391
3619
22347
39222
39281
5175
16026
6735
37023
10289
23608
6221
33706
28645
29162
7648
16348
22725
28850
13720
4232
36791
40577
6956
38146
26247
37135
15827
26730
37987
1390
3260
13758
35547
7658
11636
34363
27478
8633
28780
40205
16230
31083
25996
20812
19917
7885
7002
16908
27717
4085
21155
1341
32668
24644
3693
32850
21035
38563
25960
21547
38165
30122
14809
19813
5549
37761
20234
22847
11873
19226
30055
28782
4579
477
16413
16770
26808
40712
19250
11200
39896
11690
3846
7813
13759
914
5289
1416
13536
8788
4332
2792
31534
21201
7965
35118
2800
7863
18282
36392
5326
8577
34521
33651
35893
11246
22827
8572
19953
37234
7136
11215
35065
16641
15731
8947
19490
12424
15137
34106
38638
35625
231
14890
20770
32629
19525
40606
9120
31194
13299
26040
35379
33033
27065
32927
5679
19127
30148
1251
40341
20600
40395
6469
512
7563
217
39761
31016
19434
16640
38096
39818
5708
9745
17645
12567
22547
20507
24598
15229
25399
24555
38308
21183
762
16574
31637
21496
26278
10534
22911
9092
23080
36802
16470
20618
12056
40563
39533
25820
16968
17291
26537
22338
2572
14674
35327
28592
3823
3990
1535
12609
34242
5443
29410
9654
40309
38226
24761
11965
26542
20293
7187
12457
2936
6188
8880
12368
2737
21380
17201
22336
26845
30169
37840
15424
21167
40799
4602
22036
35651
20344
30824
5979
25186
25276
25334
38776
726
31713
4825
14
25250
22275
27082
10377
5668
38244
6711
23790
15047
34337
13760
40655
467
4858
31500
6266
34604
13089
22758
23880
37868
19402
14883
4533
10558
11189
13797
27999
39058
30309
14618
19066
6746
6383
23604
13688
26715
16254
16434
1397
38812
5082
2601
36296
37923
28658
28769
7435
2493
13104
19423
13469
11000
4363
20491
35128
9173
8615
4520
5615
16093
34039
17563
3816
4404
3050
23214
25139
16540
1034
18250
11419
39833
4168
14965
3507
22571
10663
14124
9487
1366
25398
39734
29863
4607
31942
26524
31031
36784
20389
34901
16794
19819
38930
40393
10424
12090
32356
6066
20114
40792
8933
8598
15588
40438
16487
40063
15740
2405
38592
33991
37274
17989
11714
1900
11331
14127
5896
17771
20127
24687
36977
19003
40147
30642
17288
24521
23878
6269
25582
38430
10844
9031
20686
24179
31772
31237
11022
24337
30545
29306
29898
6660
8176
20227
22477
23050
23286
9623
30720
38642
15478
36165
35605
1434
6786
21163
37556
37205
16466
34823
29440
40251
8775
36108
2696
829
19560
9081
8777
25616
38732
22434
16809
20100
33132
21718
34285
25084
23241
31045
20305
25911
443
26852
34526
32218
7790
24643
31638
5967
9559
28147
6297
38149
15272
34932
26090
37492
12466
36168
1180
21174
38991
4193
8466
13527
5789
81
31321
13855
23206
35548
40837
22496
32849
14992
20026
13996
7712
11326
11336
20564
9028
4857
17265
33623
24498
14301
38889
39978
2243
26790
28779
5208
25979
30067
25691
35960
7575
28145
33522
34549
9969
39356
19254
35028
40428
24982
37226
11686
4772
33515
21112
37800
4979
7064
11711
28982
36082
29470
4387
31519
21747
26347
39939
2917
6190
29508
9550
6046
21488
9718
6477
36719
5811
2336
37281
40229
21287
18076
7158
11247
38950
17306
36293
10171
13790
38989
24670
38238
39474
35360
3336
9941
30660
32280
1111
40609
40457
15423
13
3588
9161
31165
20136
5025
36347
18472
8626
9593
19216
36845
38222
37931
24347
23240
5873
10867
37016
26072
28878
18359
37815
3926
17067
23948
37302
38983
28005
17444
29787
5096
21481
35184
13190
1197
36757
5355
15922
11277
21148
34017
38456
9456
14886
40537
5052
10164
6340
16658
17160
15498
1058
18558
31323
29414
21689
695
2803
714
21757
32786
3049
36471
20216
39210
27033
36387
5004
31325
8764
15555
36818
32718
28348
10313
23487
19614
4534
37177
1773
8032
23472
18950
31139
1698
38753
11080
28066
28838
32773
31266
40061
39124
26161
36355
4203
29658
33532
13741
30247
9246
14923
3436
4862
1265
9661
31878
24269
9778
16718
29878
33725
8321
846
9973
10796
23922
32732
35765
34950
38071
31645
6285
4633
4030
6130
7020
40005
26015
28082
18989
2409
6866
29377
19872
35733
39973
29661
14963
29531
9816
19538
39788
9867
5481
4785
34842
23109
24162
31057
32612
36456
5462
34027
17752
32815
39798
22106
33378
21125
22752
3980
13152
26968
570
3134
12083
35886
26505
20580
18466
845
22438
14658
39260
35714
23775
4267
4322
32970
31589
22237
23158
32407
13054
2157
23795
25150
16439
35363
15788
379
29955
32747
13408
34339
13915
34218
3162
34479
32052
6547
18807
18997
19244
8937
22796
25699
15947
19378
32045
9472
1980
1309
4770
30227
35555
19428
11977
10206
3179
23956
38993
16703
9854
29312
25847
19727
2799
5576
8629
27834
10765
16994
7826
12087
14748
23459
3205
31488
18358
4723
10550
19239
14754
27248
36241
31618
13039
29699
5670
14338
18066
10270
33497
5627
18762
34219
6734
34635
26549
6548
6738
9230
18589
30626
40304
14794
33892
6549
29157
31727
6903
31485
11689
33278
13742
28122
21123
13624
11642
27814
14717
10236
2005
27884
37539
5842
29159
14421
895
15903
5356
36234
26421
30557
33641
14691
22641
30638
21956
1209
6599
4781
19071
33575
13947
8867
2381
16257
29269
40769
33551
4192
5458
28790
38216
26868
22301
4854
14122
18675
16001
4774
33095
32009
14040
5185
27917
11154
25470
7085
22726
36726
4269
20334
14306
4639
21612
34246
24375
16293
13126
6754
33213
8217
37369
14901
10875
6579
14745
22274
38508
30040
33448
40135
38305
8291
1492
120
35325
15384
10977
31097
38829
17686
39837
37291
40112
39276
29241
8006
21006
748
20688
21979
35864
20056
8951
15824
39762
182
25182
30449
38527
15474
40314
4157
30903
12513
32243
19883
29250
22992
23643
36481
31875
9566
14899
4995
8239
23652
32730
40680
6307
37593
36329
24169
38055
37579
25192
6165
24340
19624
12631
13884
4613
22492
26580
15349
19734
39082
22823
3830
28072
13718
20015
39669
31473
20778
2858
14363
7969
3160
1578
25827
17717
37511
27801
23180
23990
5796
14041
34668
28511
19403
40069
36327
10994
40185
2302
19913
6537
14859
5024
13361
33274
33762
31933
3123
28800
21549
25600
4675
4529
9998
19321
2459
34020
29304
13986
12985
19422
17969
16697
34963
29152
382
34367
33244
26901
1479
32296
27402
7738
6982
40074
1412
20938
30598
32123
38013
18814
28473
11598
9072
25551
9680
17210
25159
26561
23927
33011
24032
2680
40453
5079
42
5163
37897
26928
33216
37532
26554
16608
21770
33464
10018
19394
28999
40221
17471
29099
33598
33979
20502
22801
31200
24363
24806
25389
4868
22884
11612
16847
24210
16601
10914
20803
14921
21110
9483
37768
5571
18835
10274
21300
15517
39523
23811
18018
8257
2647
39676
29226
5993
3569
38862
28657
40568
36688
9405
16779
35735
15776
30284
3854
37489
3458
2556
7041
24154
15853
15268
20224
21339
14281
13316
20591
30763
4808
36857
10584
15774
22504
14424
17437
1701
16185
13276
2865
33228
14211
17334
19206
5161
17394
32397
28478
36335
110
29954
9968
23674
4042
36413
21143
1825
34836
25292
34833
38657
23849
7761
34712
38662
38864
14063
2827
16260
7657
23777
1100
5791
28054
3862
19952
10427
7499
8269
4747
15245
23736
20380
19973
58
11044
2448
26641
27527
25256
13335
16430
590
1447
8081
21927
13020
40576
30856
20910
35283
10758
36895
32212
32278
25952
6921
27936
4075
20292
36482
4446
38184
27083
19492
30315
15688
34467
39750
25499
2574
34501
10624
36681
36559
36328
24915
7329
15200
2180
37716
8673
12064
36632
16402
30504
7159
1784
7841
20108
37942
9731
20124
2608
21538
6465
29380
30853
15621
24928
33316
623
25655
9
3317
1956
35456
35658
31677
9717
27496
12640
12282
37731
17747
24979
29106
33594
36244
28689
30840
3941
3866
36396
9201
4753
7917
37181
38280
4577
31434
33419
5786
40171
30613
15750
3467
8232
20997
5751
6445
31872
917
9314
18424
3713
8022
6423
23567
17170
37461
5459
26443
5538
22244
7220
11809
7038
34666
13246
5728
10144
5491
28319
13508
20223
1474
3274
24970
37709
17531
37210
9703
40134
32903
5474
39718
37622
30271
621
29154
26773
13699
214
29789
11846
17929
27291
38691
4341
14368
26167
34548
17730
10616
22906
32352
38461
17137
8873
7089
9657
15353
6893
25986
179
27392
4244
32486
4434
30958
27161
31040
16700
12881
39510
1652
7088
28981
36903
3098
3090
35753
19258
20067
13528
16479
20821
1876
24920
1082
22081
24641
9765
28642
7001
26079
4470
40571
11493
24683
17044
6413
24743
39122
28120
32624
10934
8885
20460
32517
34499
27544
36161
19342
8259
5374
38092
933
1250
13801
23101
22450
1556
29902
30138
25361
5564
25583
33280
37277
7068
38387
38389
38837
9568
25106
39038
24564
11815
15519
25432
30149
20160
7632
22083
31234
29110
30386
4209
25831
16753
17436
23940
8671
6436
10163
13139
35205
27957
37171
4036
33897
35468
11133
26759
20486
38265
28649
35182
14543
17919
12907
39043
12014
10589
5854
2401
33674
13972
9509
31753
36797
5934
20550
34161
19558
20352
39070
35383
13363
1610
15467
8888
464
36228
35031
30815
11152
10941
17365
11407
35241
14167
40739
31598
11482
2676
4123
10992
28707
28944
2632
36389
8661
2407
33412
20728
19072
33032
31617
19041
28549
14598
24063
27266
27292
14539
33341
635
15542
5879
20261
7003
2766
32982
32744
9829
13890
29222
40067
6562
9100
32979
23820
2513
23776
38568
25501
35615
3481
20263
11501
37357
13710
35433
26700
25956
5475
2751
31382
27227
28897
39158
6870
5671
7116
7692
24134
25538
38446
30392
18859
25540
3861
13580
28218
38920
21355
2694
34352
35289
8701
7250
7124
22402
6575
1596
23946
313
15156
14772
30938
6275
24648
35293
17349
32193
38249
26513
5585
27449
29329
17669
35904
3660
23081
40359
20300
34897
16694
4682
9375
29180
37890
21427
34139
14812
19471
30852
9170
36734
23993
34730
33557
4176
18549
21189
26019
35413
36357
26964
10014
12023
22464
13438
22514
20297
10223
34476
35104
38349
2476
13754
16882
17549
34054
8839
36220
24758
14743
36119
7115
22272
14675
14860
16240
2908
35207
7402
26316
16775
14706
34132
12676
6515
10738
2782
26627
31834
40042
11964
7259
13094
16699
9515
1766
24986
2885
8252
16125
17319
25548
1985
4275
11737
38756
35071
9619
1463
25981
6892
109
16813
37423
13989
31525
29360
30650
19713
23232
40570
33954
36382
34407
36730
37158
12944
32089
3916
34568
21200
29242
37700
8912
21066
36284
31407
26911
7169
13454
17848
18293
31708
8536
29337
34720
21374
37657
13442
25486
8980
11033
17289
1897
4351
23040
13193
3379
19586
29418
1969
20594
10498
27664
23250
12413
2469
28138
13091
35286
3850
24265
32925
29313
12871
29759
29704
37426
14104
907
17743
26504
27453
39612
452
34429
30975
39529
19367
25731
9956
39133
9890
24081
17048
28921
19074
10382
18657
4516
24739
5984
31059
30918
24441
11583
19582
12951
3821
33295
35455
32522
6379
31954
38851
10026
40447
17021
28056
9475
39216
25752
35109
31703
14364
16622
29811
11074
33416
8791
30005
39052
23730
32523
15961
4830
39486
20759
9462
10993
32706
24612
30257
4551
14459
31783
3771
1828
26883
28429
26958
27690
26267
8563
24235
7931
31972
7011
8534
29175
12777
6139
12826
6022
16009
9451
9014
17536
24211
19840
26855
27311
14056
15921
11812
36540
32750
162
22216
837
29716
15757
27231
13215
26521
8655
3586
39163
18534
21867
38351
29689
15525
2486
28940
6636
6817
4453
37196
5422
6576
25959
20878
134
1239
2060
22501
25916
12942
27409
16832
13521
14862
1761
32067
17072
25653
27503
5093
9856
15006
16239
26989
27339
39768
959
32062
27913
34042
31555
22545
2804
5336
34494
218
15192
27391
32053
21003
15715
34304
27223
36912
21576
6131
9457
24128
18688
23778
29630
14161
19584
11886
26330
9210
6345
15487
5830
22592
19542
21182
18088
28283
2951
5349
30979
24827
40738
36050
18
4711
19176
10001
39199
5005
23964
39388
25763
581
30789
25223
7664
9085
21263
33111
34505
4200
266
40389
40550
13412
31176
40261
8057
34158
11319
28527
37298
4628
19479
24788
29977
3147
38397
21629
36774
13598
10066
14329
24819
3249
2217
15551
34894
25907
9273
30118
22373
34460
12952
16313
1095
14409
28664
5045
26987
16600
1154
28632
17805
4657
30186
40296
34043
15846
12936
5064
37290
40031
974
6461
4473
30424
1497
38348
567
8818
3126
6108
28203
34443
12811
23383
4817
15979
16955
26979
24055
27906
24158
16416
24191
40071
22197
1843
9064
38600
22460
32936
21632
22714
19914
2474
15012
2683
2406
3745
20135
32210
24622
35884
13419
15938
27608
5890
17487
24404
33878
8700
24059
32957
5085
26379
22412
7770
25064
9325
23020
24302
20781
11309
16493
35946
21444
18930
8948
9557
26111
38046
22863
2760
210
24314
22701
11094
35134
17076
17298
31443
35113
5803
11439
7162
32388
28276
4414
36583
26856
14006
26486
6034
23596
33057
27654
17623
34676
40456
37314
277
26113
8454
39050
17380
40107
15265
7236
14172
32798
7633
7850
40485
12569
9955
26515
17465
1222
9090
5231
13308
27805
6782
28087
11867
30525
18287
19526
30240
9896
40157
6228
22316
30867
25429
32550
27203
29723
20328
19944
4786
28848
36563
23741
31225
4293
23467
22921
22709
19067
8856
31516
38601
5921
37238
8782
21521
35402
17264
19506
39231
7689
16350
39193
27951
19020
31458
40703
27438
38218
31491
18619
18865
22207
18035
6134
3372
39274
31974
27783
35906
30117
10798
21913
7005
16098
18798
9562
26821
14584
23876
26892
9730
28151
5648
36880
10387
19923
6813
13970
9828
24030
33987
20960
10940
26758
27838
8103
3418
20655
33851
6476
14396
21984
10051
2099
15629
17259
17798
1694
3679
25973
21103
13159
1815
31941
5405
19338
27070
21443
18464
11393
29044
34546
1560
30792
20927
35426
16132
14002
31088
37775
13325
16538
39464
30471
1768
37253
39030
24737
25511
36095
39013
25688
17219
18822
37414
8678
21054
3262
12143
2364
24550
977
5862
40329
6954
9247
32942
38168
2026
29285
33797
16923
34212
15625
5358
900
32118
2741
36332
10684
27488
37949
37954
1300
27547
5782
9736
25806
28756
8186
8293
38937
16752
22142
8099
35223
10810
24409
35173
34582
10315
15825
40482
33710
1626
15146
32562
2900
19585
16069
30418
29176
15445
965
38233
38687
23896
37863
34938
36048
16702
29615
13483
33400
36874
6680
24860
30940
34889
26956
30094
36840
10325
21271
3355
38159
20258
28375
1889
17482
20915
13858
26032
33363
39128
38306
941
39558
6821
39560
24626
13052
23476
7899
11742
25971
268
14121
20072
30168
39989
28630
2093
39130
30360
26896
14705
24570
24618
10646
24232
12301
37666
3304
16558
16146
15548
21516
14085
36205
16271
35640
21682
36863
16369
29034
12164
29989
2934
11387
39897
15406
16778
20830
37992
26629
13942
19990
14990
20785
23320
36111
30608
2852
34961
25490
19175
3221
18800
28789
9772
27383
32700
34402
17254
36311
40118
40040
25024
38727
23304
25565
34952
35915
22679
25274
5026
26317
15822
15609
15644
692
3203
34437
13910
17173
35034
9184
36561
28442
3739
11777
38901
40174
15856
33501
18562
2619
30469
35585
36365
31061
15331
746
27206
9159
40666
4759
8347
24195
24594
32871
32694
5697
25394
24026
27823
7148
27617
39964
13916
16885
10100
11039
776
20795
30140
15171
26071
31185
20652
3548
33430
3104
33867
4339
8928
32286
32583
39509
40608
17185
16843
37876
30320
33716
9454
39214
18206
24953
6324
2833
37699
3490
37365
26990
16460
18204
13685
9588
6885
16683
18033
35387
6462
10585
36924
19109
8380
12456
24837
38286
6822
6887
33240
29608
23870
18924
7887
18221
21219
24546
10811
32995
38715
3065
34171
14076
27727
29529
16991
22540
2383
29656
15662
35784
4901
15169
35250
31932
23976
19518
18939
16171
18641
30735
19835
24946
28380
22151
25970
11216
27471
25271
14375
23702
21141
15620
35988
2403
40499
9743
21071
23302
28095
16126
11839
29512
11369
30491
30562
32641
22096
8810
10292
11763
18154
23953
21274
25234
17338
33752
10342
764
2168
20016
32767
38275
30948
18832
4007
9811
10824
20993
13917
1990
21856
12564
13553
13836
30323
28106
13451
40236
21925
28173
33726
11117
13208
2922
16428
22229
29694
6212
10816
18883
28714
19568
31732
21102
3202
3190
22609
24825
28952
24754
35564
15617
11787
38623
1686
3100
1409
24947
33683
34327
30476
38961
4673
25925
25310
923
35230
1975
28612
29365
6987
18636
1464
18731
16907
21599
20901
3038
29578
37916
16014
13365
3371
31226
39117
22135
23422
919
29943
29806
32276
10850
35603
31034
32055
19303
30374
12329
9480
13535
7374
10209
5955
20577
6848
20192
26844
897
24796
3141
13075
11953
34047
26194
26938
16671
35881
30104
206
34190
8955
10815
19322
27603
28221
30365
11241
4815
13727
26350
32202
1310
2514
35170
23532
18135
26435
38907
22277
9784
7131
32748
35171
6622
16514
3559
4048
15091
6832
9116
26427
34450
13696
26534
29407
21213
21725
40182
7598
25671
35140
8824
6490
20414
23895
35143
2080
33102
21072
639
25595
39162
36586
38023
39237
4861
35910
13831
1559
38972
40297
39611
27032
2210
31905
28204
15163
26417
7789
13010
2398
14311
24312
229
30822
31991
35493
34623
27421
29297
3652
30511
28946
4911
23799
4715
12978
22632
20174
12835
9147
23764
39077
34945
33496
29247
6044
27406
9988
903
33034
9253
21582
24773
11522
40429
15633
19133
35217
17979
4334
6450
19098
36464
29577
39057
5530
26341
4779
26667
40362
1406
19148
32940
12180
32324
12671
13592
10421
27368
29572
33037
935
35788
8961
19861
2541
21336
15586
38362
12283
33684
3872
15833
26367
30014
28329
14299
22520
6687
40367
4908
27400
23525
7305
28408
12706
39027
33205
17621
29930
30387
18186
27305
35317
9975
8652
36489
11847
15949
1069
17639
30121
6411
2610
1205
24146
1539
4985
1521
29279
13165
28367
36238
6438
12222
32256
1037
15379
18837
25489
29979
38766
33616
20865
23623
8735
10010
38977
32617
35723
17082
12902
25746
2739
1850
34380
7141
14580
21766
39602
2897
14086
30499
1363
25733
2200
160
35859
8695
11340
14171
35673
1667
14442
28216
19867
33959
30570
12488
28641
18057
22168
24293
31845
23682
26312
12135
3997
9696
27892
12359
1444
4131
27199
11440
63
20159
22145
16866
12953
12913
34979
18342
31898
36611
24785
18693
11838
12022
23872
13810
21896
2957
27761
9892
9002
27212
29593
17553
7646
13707
40417
2285
39134
5072
34037
37028
24215
17178
32932
29199
5487
20885
4580
16272
36038
27007
5192
12505
4006
20208
24046
19529
31593
25954
7328
18843
32271
23754
19926
5553
15951
8052
9565
17560
18955
8277
39378
22263
2101
36864
38379
1917
606
2788
23808
22016
16307
24343
24584
25048
1047
27843
28074
36697
35209
15743
3157
12326
12872
26319
39583
4421
15540
15719
28784
26268
16210
35913
38004
15992
9344
7616
9622
11677
31220
31719
12240
4894
28033
14034
10259
31511
37858
21981
14709
30158
2672
95
16401
25506
8476
33776
34543
22425
25817
10651
14574
20122
22375
1487
17659
36408
20586
23748
6103
38773
2457
8891
36063
34922
9831
21703
1949
18479
10922
25260
37455
8035
3722
29845
12945
27426
25624
5046
37035
27283
7248
2260
34648
35782
2693
749
23033
6485
25842
31213
16986
23042
23493
21803
37570
31683
22190
38628
18373
6572
6801
6663
21546
7243
32973
30031
12499
30897
9683
13216
2451
25716
30052
40172
11540
10494
2196
5525
5948
587
17706
20515
6287
14428
9307
16279
25126
14266
25457
30070
10518
9342
31359
33872
35737
20096
11191
37243
35354
1234
29495
11224
25352
27946
11976
9688
39915
5966
13329
5959
19031
9052
18593
14700
27074
11420
929
11438
4556
19570
19882
32859
13805
10075
755
39514
6407
5280
15320
24457
1014
14231
21650
30798
22503
4962
19310
36384
15346
6773
23923
27304
25225
10172
39540
6104
27366
28715
38984
28637
27966
12155
30858
2949
3567
33530
15528
3486
13517
4184
9448
875
40081
31608
38315
19617
5065
26753
15008
33249
20521
3988
23375
40495
15149
18868
18422
15587
36669
7829
4630
33888
21534
22838
23342
30810
9628
5569
3332
17647
31889
37945
14971
16360
33858
34276
19363
39630
26589
18952
35661
14345
19334
15671
19036
22094
1747
31781
40853
24700
15242
9019
19760
28363
5763
20624
12495
16854
1884
6359
14558
1382
25044
31596
39886
21254
21269
10657
17030
29491
34074
13168
4705
15486
39258
20967
36747
21924
34500
36485
18890
20295
18449
56
17169
16447
39283
1204
30379
1055
24298
22351
233
31859
31402
15201
20867
11963
211
16547
11040
5451
31868
7381
11169
35216
26970
2798
34237
10948
11237
12551
7241
17822
37684
17564
12796
22175
12967
30607
30003
31140
24895
36527
15700
13103
9963
16194
11275
27492
7729
18442
32911
35818
4679
9897
13164
17665
39547
39574
8089
36808
37468
22705
23350
40500
31255
28183
38647
21342
35137
31891
11913
5428
15252
26382
9496
25849
18613
23129
20959
19731
9286
33585
16391
35471
21298
23760
34178
9278
8316
16073
5267
14537
24011
5213
32167
23650
24962
25713
16166
13424
16817
7747
35436
1316
36441
5698
10445
22930
37008
6437
36017
36822
10054
11460
21058
10169
36592
7256
254
19694
6259
9827
16317
26893
19182
12339
1315
19290
3374
37116
31667
32972
6386
5521
30563
8650
37027
29813
34724
26948
17680
2755
39207
12814
36348
26707
9727
2719
29627
13096
5393
36677
17916
29535
24738
35445
14431
9275
40270
34275
77
22729
13466
21010
200
16450
13887
21668
17015
16876
6582
22867
33646
24274
13662
1758
20729
5253
16048
11305
29536
31814
8766
30152
8397
13953
12005
27736
31471
27175
21586
30044
37046
669
38881
22010
32993
7426
20749
1143
5661
16541
37943
22742
10936
35017
32147
12825
34462
1177
29423
16591
24723
21564
19376
12540
21334
35622
35892
7242
30609
31497
10017
37746
34982
18301
27774
15522
24077
31118
15050
592
609
25863
8821
13086
32018
32148
15084
27413
23351
39264
19937
33094
15417
16525
24590
9196
31990
38232
26961
11026
11960
5774
3672
29460
18510
39847
526
9027
34881
1006
38620
25298
18495
29500
18759
12557
8126
8547
922
23436
8795
2118
28796
32350
16503
10988
5296
15964
7693
8675
40693
21346
22865
18638
35706
22256
27941
5961
21670
35168
32716
37564
2020
12146
37999
18631
26359
7619
26304
18769
12373
40652
29727
15831
5450
2234
29860
4372
12226
40037
14354
15267
27384
30817
11746
9473
35682
37855
9301
31505
5020
38742
19037
31839
34513
27087
21154
25123
540
34877
14671
17126
21736
35367
12997
18452
25978
39975
613
22359
7096
7407
9663
35295
37864
40331
9007
6827
18198
23309
26320
22410
29092
21585
9833
13490
1073
26771
1184
34090
10461
10576
26576
20112
19002
18167
1133
27529
1043
1421
10230
31052
32231
32592
1323
17367
22129
22482
36109
5117
11013
33749
37560
3459
9843
8847
40668
6119
10412
13880
22715
4550
34123
30380
14254
26156
9221
14129
4893
28067
3326
3087
8691
22370
30767
36744
27848
16796
8451
12571
4245
40506
40086
15955
12454
14866
20373
30574
7469
35246
21675
37387
21596
20648
10848
37219
6008
25558
13401
39463
36144
11127
40123
38089
7644
22844
29323
3101
17922
23678
30391
3470
8118
38118
14940
4082
33060
39478
23035
23768
910
38224
17246
5513
23164
27721
15970
21452
25850
34892
36091
19099
31759
29233
9452
30242
7679
13255
862
29978
33393
8362
30904
22664
21937
26265
29724
23053
12333
6199
33606
10674
27511
29376
39323
7902
30212
768
20201
9610
20367
24188
29865
2604
4654
40487
30882
8292
33477
5835
3195
33952
27134
9113
23578
8621
31177
7
1331
12060
25997
40117
35822
27491
32554
32530
15287
5973
20008
26405
1033
9792
24220
34575
38771
3143
8383
7343
1672
2920
33622
15673
31771
10769
31064
23461
40301
35907
23706
21684
17151
36739
7190
7406
35905
29907
38479
26130
23408
31951
118
25284
35346
33587
39621
25348
24688
30583
5910
35805
6978
27218
17724
31086
16728
39695
1508
28422
5629
9845
13954
97
31449
33782
36683
16812
15910
27567
27241
29406
32739
4405
30886
19635
39996
27332
31051
17034
12636
21389
38153
25553
5037
21773
37783
31688
23176
24120
10606
22053
19989
17386
33876
25067
18882
23616
9837
8486
27173
14933
29675
30941
32298
1503
28890
27827
9366
35395
37582
27234
3595
7145
32587
11710
7879
503
40150
15764
28609
40070
279
22828
7304
14016
24484
28134
10828
35928
38800
22949
20534
26232
35369
38422
33992
18112
20498
1871
38239
34691
38162
21315
38464
34960
10442
27722
29624
315
6043
12860
38035
34282
11279
4708
7040
22600
38015
3959
17528
23649
27670
35010
37880
25736
32068
15907
29070
16296
21785
18211
12285
13623
20046
21734
35409
16708
28311
19289
12857
34955
37325
7291
36079
5831
31147
8524
4737
37154
34278
38179
1589
4760
32065
25717
33068
36190
261
7600
27522
33243
39395
10211
23275
4072
27564
3110
38793
37529
16777
31911
6290
7993
752
18169
7045
25293
40544
24372
13686
28607
20533
14996
21002
24493
36588
1720
15111
15711
32877
38330
35076
6699
13574
29527
31554
10469
11430
32465
35919
28461
13840
16690
15436
3448
3797
11227
36917
7211
28031
6523
18475
11806
40719
36006
23828
7450
14107
1000
1676
33689
14105
39961
34029
6558
10535
11386
2882
26356
14882
7105
28945
2585
16749
26511
29779
4490
16748
291
10340
20405
12803
24651
28480
23411
31607
2984
3683
29892
9912
20410
24898
25170
37531
27189
28287
39983
7569
9328
5187
35497
6946
33764
3518
5389
8368
9928
15484
28820
40526
470
13022
28258
23010
31853
22499
32294
28390
1054
9547
4345
6667
23235
11211
8457
32846
5013
8270
24529
26604
6720
9728
13613
6855
7060
30479
2990
4045
23859
6056
16883
12476
3729
19475
25982
12552
27222
31250
35611
14601
1106
39423
34899
23957
12741
23796
2411
19116
31979
1243
40372
34655
32992
21998
16765
8722
13269
28873
3460
31101
1575
66
33365
34542
26789
22103
31906
5317
22474
22925
8599
33770
32442
37095
20660
11673
35488
37803
13544
16768
35443
4596
4063
4952
39229
21348
4542
31021
38965
7414
33385
39670
26189
22011
32981
9493
26202
10122
13098
20106
3501
27180
21050
8315
34427
38870
11631
38083
10702
38341
35719
22556
36113
20431
31669
20422
4572
12652
28854
30408
31805
13515
15440
6888
16738
10519
2023
37802
28170
35865
24150
29063
31093
37079
22271
28692
34056
19132
14629
31204
26846
37872
10912
2266
2287
15299
13552
20593
15136
29259
21969
38760
34381
41
23723
11083
10389
4161
9105
31592
27534
27745
21775
29815
7416
26200
34373
8117
4172
25318
5554
2614
32134
1230
35606
39002
32834
36312
7138
15993
12038
20143
18369
16686
26573
25133
39870
18299
4013
24049
27166
15472
3247
27984
10219
11204
35531
15235
34618
26651
19128
21353
13221
26070
25599
1362
19962
1853
30272
29018
25087
36661
37220
11580
1725
19857
35309
18773
22387
23803
22618
25065
18689
37952
8540
32540
9500
7373
36269
38124
30411
716
38375
3674
14309
3014
30728
2705
36386
18563
36522
31168
6215
12423
4796
6129
16562
29730
12996
9467
8075
15843
26736
21570
32341
30842
28043
38845
31392
40093
1586
32492
23217
30080
26939
29207
26553
32037
3188
22138
36089
9393
4885
26934
31584
22164
12376
39951
8427
24311
12345
5465
23066
13614
19854
18201
35844
5259
3291
17199
7696
24948
14023
17279
9009
13941
19224
23838
13029
36881
15766
25804
3608
36748
4997
30881
36212
2253
39572
33389
1110
2688
495
1940
35490
32488
18974
28721
2740
33573
4536
32646
15878
20584
38648
3248
5318
5551
32225
3378
37651
32369
40461
22173
4382
31439
16659
18289
4235
5602
34021
34227
3577
21525
36667
4324
16199
35509
19983
35190
34111
19179
37441
4977
21070
18873
16461
34487
16780
21282
32935
30288
27025
40502
26670
20154
23269
15608
8063
21841
27900
5799
34957
29454
14852
24481
25370
3365
26728
5599
30749
6182
15135
17315
20981
40253
28738
26192
31806
31563
1536
22191
10853
30015
40805
14374
20133
37338
25173
23661
9755
30279
40010
15243
34183
14927
16078
28829
146
35266
8514
3553
13395
18753
30182
38701
297
34636
8285
37710
15811
22619
31643
4792
2597
3720
39113
33194
16015
8604
12760
29960
2716
20525
23143
7101
18269
29094
11113
32921
1385
39041
38287
3483
40612
5650
2033
23751
27765
25909
29300
30196
32978
27737
19275
17428
37422
33626
30682
7894
39140
36397
11170
14948
9764
39764
10423
21504
1630
32194
15318
2303
15677
31475
34141
29335
11756
23031
9876
19904
25180
35806
28887
7991
33638
34781
39046
33229
5395
28433
19858
9056
17209
2205
7886
34297
13904
37080
40206
600
20739
12195
26411
7762
31292
13664
27135
8044
7143
21417
12965
30759
25341
15389
13628
19669
2391
22741
36827
6724
19817
6839
35058
17317
24241
37085
16105
3367
23605
24221
26425
29603
37641
5912
15965
31579
16880
19685
16167
6347
7185
23323
38801
28659
35020
40026
10517
22891
37614
18607
9535
28340
33856
22530
5019
22305
27115
11937
5749
15763
18590
26002
21520
7802
8045
33654
30245
26045
5963
24654
10030
15808
14884
7217
31983
6146
32939
31328
36976
34261
38968
18698
20433
35584
8478
5775
24460
18189
2359
4451
21379
16053
9682
27477
9936
6898
33820
26249
28625
20059
38671
8897
5308
18224
37025
22857
20604
27364
40212
25291
4044
30601
31661
33982
4495
16425
39299
18948
4239
1592
968
29424
4167
12575
2699
24252
14008
12506
34871
13697
28006
40814
1360
34404
18485
6125
24965
22678
26607
16806
24939
36443
13230
10501
37346
30030
23029
35155
25584
14443
21248
39803
5378
40129
21290
35847
27078
9469
34893
36942
11157
33679
23222
3201
29228
8010
34706
39139
5630
24039
18348
30503
9429
39889
5758
16247
38860
15155
24666
27611
27942
34108
37270
5053
12178
4373
24352
14015
33759
22999
257
21662
38697
5625
22886
38061
15718
10240
820
23063
35162
23900
20794
10854
769
2278
37959
37581
39562
39143
26334
13653
9048
33765
36755
17274
5095
18618
3615
26372
36432
22061
26351
17539
25308
19210
20829
27758
39511
5895
22160
30439
32719
16246
26204
39224
510
20817
29045
15507
24818
750
39588
525
21802
36605
28445
37040
3111
33006
10528
21972
9488
21824
24454
22799
21097
4941
27858
33761
38492
17371
6487
29421
15579
17432
33737
3613
37857
26824
35097
36336
19890
19174
15233
17612
9513
17786
26368
9776
35262
15448
2360
27618
19908
16456
328
2918
3312
38454
1327
28238
30416
4667
28696
11909
38281
27123
13748
36693
34338
32559
29757
34196
40295
5663
24689
269
6501
11609
4456
6933
22945
29240
39389
12713
39232
34753
29077
35275
37297
11412
3193
37374
40228
37617
15574
36149
4317
28841
8345
18774
13645
32572
27026
25848
4133
8159
22079
144
26182
19121
6323
4965
11142
28152
25430
38890
26950
5539
36557
38811
13888
27646
28701
17355
37551
30348
23478
37977
22097
9938
28861
7704
29319
4886
7755
26693
30013
14707
18588
20125
10579
17959
37752
39490
13576
38003
37350
18046
6377
12733
18879
23918
1326
13794
34653
17096
23641
37672
3906
12196
35646
17415
15575
16028
27993
2942
30827
26020
27756
32252
31087
35278
23929
19974
35403
28212
8541
20820
3309
40148
14445
11300
7680
7173
10997
35869
6050
7191
29848
30899
25924
20207
12523
1157
10506
40828
29480
11855
7153
33602
33259
37086
34441
22322
15730
15419
26885
1077
32770
14384
40737
11605
28099
36691
7815
20710
18031
27964
13564
33250
710
31470
54
18036
33940
29809
39116
5566
8139
22684
34078
40709
25189
11244
38314
38683
8931
2749
16003
32491
36513
20560
35959
8071
15167
11001
7791
36431
18141
1142
26123
34150
39146
12406
29230
21735
30654
12688
20456
19181
3653
9067
527
36823
14704
3085
10664
13327
37554
10961
15358
16276
36231
6771
39817
10596
8204
1338
31155
9893
30255
33926
37600
12464
14195
13004
4849
26306
35542
23345
28328
6940
27293
35514
20101
30878
5556
15778
24581
24356
2283
14369
11383
22093
2939
4552
2777
27988
14489
12900
3359
19421
27846
3799
8040
17930
36558
16419
2511
28344
7855
25320
14787
15045
4634
4820
25297
35151
16398
24835
979
20970
19640
38833
38553
18552
33146
35518
30775
4975
27719
5760
10593
3818
37889
11186
6194
40784
36067
40055
24173
29925
24122
29245
17732
26480
14226
20657
12122
24246
20827
18115
15534
4554
21092
346
22589
39859
19426
13065
24310
13862
14857
1924
33527
30039
35607
32096
40535
25437
6776
6757
22638
36333
17283
27602
10316
28401
30813
21082
27362
22764
9524
34510
28246
3427
4395
34498
33850
13494
9620
30697
38921
795
30209
15281
3971
39349
35546
27265
24673
38741
13479
11708
10695
37972
18255
5634
11665
32004
30590
7390
12562
6511
21187
25448
30809
27575
39206
17350
20132
19313
30402
39337
8494
26450
3019
36701
21067
690
6891
4584
10626
34169
13085
9000
8754
34465
13217
21567
38451
27456
4592
40104
25365
13513
3505
32284
1342
8926
32701
10291
40208
19564
24297
15120
38694
17136
15882
3575
15855
8588
18023
849
12893
25346
9341
5043
24747
18893
1866
2650
11378
37606
36847
5699
15198
10134
27778
2658
29031
13030
26637
19749
16325
30268
12577
8240
32656
22318
347
18473
40629
2156
39255
28732
22685
18067
27435
35937
25366
11214
15580
15758
27105
36114
34714
33831
26586
7423
32441
10935
26484
36156
12007
33702
36937
13690
13792
2590
29021
31890
16114
15066
40432
10131
8535
5856
6654
29713
30636
15675
26518
12342
32832
27637
24721
9834
14461
26264
2104
2066
32931
30107
10279
32290
33337
35053
13397
1480
8594
1547
8923
4308
30008
4819
7349
4953
35966
10984
31
11675
40
16959
2003
23494
14599
15480
24508
7694
10967
35549
32154
13028
11705
15446
8421
22088
31632
24234
8504
4574
28402
17641
11207
7409
32461
6767
17944
20360
16626
9015
38560
28770
14651
31050
17832
5286
22431
13473
7203
26076
18763
28011
35204
15068
38152
29868
7960
24399
237
13323
26620
13636
18730
15178
34941
13903
24266
17510
37743
32870
28349
11002
33270
22813
28245
30120
13481
24663
16824
35042
19119
14433
8130
14655
40714
31416
8434
39170
5414
174
7180
24621
14523
17709
14813
24035
39284
13656
10042
8241
36992
2691
25821
10749
40584
12069
36110
13783
23530
17093
20763
15642
21761
5968
32345
20209
26548
24702
9537
27662
33169
18092
40286
27321
35804
12068
8443
14579
37723
36270
37627
8201
16403
16124
32740
34612
370
13235
29934
17768
19723
8862
32200
37703
23747
25993
36026
2183
37228
37466
5313
23038
6780
34305
2988
9132
5244
2244
32602
16155
3831
8018
25864
29770
38734
35741
36671
39898
11230
17616
6489
24781
11446
4525
10669
22462
37784
36301
34557
40596
32275
36046
9510
9986
6784
17907
29086
37646
40017
18451
25359
1066
10502
33040
21262
20053
19773
3340
668
26472
27348
29437
4498
26091
6127
28749
31333
5652
29832
13568
17873
32518
10043
27729
30220
17759
14355
17196
22209
34709
909
35164
8727
32206
1011
22367
32434
6099
12238
27595
1171
36326
19473
39802
31042
40614
34917
37991
20610
36254
4758
27871
2945
31436
27675
19941
37497
8407
33200
21628
14657
40546
35867
15057
7977
25530
12701
26809
13753
11560
40675
40722
22133
20440
10613
13601
15657
3308
19461
24501
10852
26941
40454
15307
1936
28948
5667
760
35975
19021
22762
39343
31642
16505
37319
3691
10312
1195
16314
848
15877
24018
30604
25155
25552
35760
3832
11144
11994
15035
13506
10711
128
21791
29347
17648
36158
12096
39608
7429
22025
22026
23841
8747
15500
9368
31689
19452
32980
40696
29532
28236
25264
10350
13857
9315
29387
35082
28778
22908
40339
13632
10554
12856
13657
29477
31179
35408
574
29131
18368
28350
31076
36224
32253
15506
15864
15108
11878
12024
1957
3825
12006
23797
29905
39239
39398
22239
12403
18213
33543
18209
25830
36890
7599
34490
4967
27692
9848
92
25968
17099
5002
5752
22265
24431
8213
14033
16889
13817
26143
25017
17867
34395
29273
24423
15414
6843
14456
17976
40619
31730
31358
37245
33092
27706
12622
38052
12402
34070
23592
22320
38814
23009
29701
25695
21506
472
36131
1765
26321
20553
2148
2506
6615
36732
14343
16370
34186
21790
9140
32806
33488
21509
1367
38905
27882
29870
9372
14956
181
390
29903
39853
25918
34173
25251
5070
23398
4609
1972
26960
31103
8234
19928
24153
12407
31041
8850
17885
24300
26681
22839
24760
4361
8876
14476
22667
21815
30203
12974
9847
18331
9944
6110
5600
153
16258
2956
1244
39752
35728
23499
15215
33896
29173
23349
23961
40124
34187
38296
17305
5773
8660
16181
27578
4335
22601
39477
36290
30667
12267
37194
32570
20432
25459
3145
3630
27644
13220
29411
30995
27499
22159
25839
24380
1779
34419
17727
33230
4686
32842
40166
32421
17817
5738
25523
2112
36052
3544
36267
39353
9470
1086
15199
17981
5128
11924
14815
40677
5800
36410
18332
8041
7986
26998
2935
15231
40083
22238
14998
11740
39580
33046
38271
21076
6740
4423
38672
10238
4143
34928
12694
29522
13343
22480
16973
3307
5658
22852
14279
8441
28335
12923
20001
14212
33234
19632
31158
25075
4057
6294
11165
21592
6069
2203
39651
22455
6593
32632
4489
12261
2778
25905
12354
10727
30190
13892
19602
4968
8262
4662
16555
19785
9495
7808
22789
3748
19039
40142
1791
19238
39179
35666
34528
21326
6141
25060
26917
5018
2964
36407
28425
38020
32289
33608
40464
5580
25451
5158
4603
32618
17388
25424
10125
34023
9633
2187
4696
15100
11968
14494
16364
20951
10087
20213
14448
36004
10723
3893
34310
26764
38571
1710
25426
22982
19741
31883
32159
29409
14682
1718
12012
31071
27862
27854
22578
30409
10748
29555
8864
7419
20585
26403
38838
11433
10037
22558
25606
2485
40097
27035
4553
3810
2725
4238
35080
27868
10605
24216
28990
26046
13121
2834
17020
28297
25414
7074
4812
22012
4919
12375
35995
8375
7963
8797
36841
2317
18550
10628
31695
39138
17825
5768
20629
39709
30932
37311
13135
9795
14193
719
27353
29101
20466
12690
8123
9256
28776
342
2580
4484
8060
3382
7318
9946
32135
33833
12467
35541
35912
34818
37777
2037
5148
5473
17934
39084
29588
22014
11748
36051
4282
36724
24831
13445
7164
38273
3908
16644
3937
39866
1163
4023
27221
34966
5144
6606
17360
11764
36418
16297
9612
3532
40342
16228
16603
29601
34931
9023
19353
19333
26951
15132
11095
26992
39694
14516
39843
12746
21468
40578
19225
14915
11658
8976
22470
12302
12723
35447
37509
28918
27569
13109
34794
31882
7717
14538
36594
27104
34996
24867
25686
22763
8408
21049
27163
31601
17729
24554
14245
10077
24937
1027
35770
37409
10777
20134
39067
3069
30172
24750
25946
10741
16308
25874
25452
9074
3480
31973
5604
15473
35745
659
15095
3697
20691
18202
22670
32379
38099
9355
4219
18405
12386
20200
22815
32221
19544
27113
1819
36380
25296
2673
13195
32319
15174
39487
40650
7261
20038
34907
14297
35491
14393
7439
7160
15089
12486
9664
22785
8738
15438
1953
28553
29321
246
37272
38990
6809
10665
22186
24572
17261
23926
7972
14902
34905
9063
36571
4225
17256
23518
2281
33499
39243
33816
16998
28172
32320
29548
9083
40045
19229
23205
14753
30394
10322
38274
4409
1181
18052
26391
27195
30474
34997
8533
13099
10715
35165
24668
34025
16251
26400
34566
19996
37967
16244
37989
40847
38151
562
25115
14951
21199
6967
36720
29081
23343
14045
30907
11010
36036
9644
30250
28180
16537
17650
9757
11463
24474
28937
21134
10541
29401
31873
13709
4870
2452
12198
1671
39884
2035
36975
17500
26547
12224
26567
28374
25468
15959
36635
10453
28262
19328
30659
20650
17221
19519
18735
11781
13234
17292
10955
32759
5078
13594
11594
17148
25942
9522
20117
34939
5561
23175
25456
37217
4690
15090
6931
24941
19288
5707
17509
16731
31379
5929
2607
34206
24545
39369
36858
14248
32003
12927
39944
636
36183
18583
31915
22112
17807
12728
27360
434
31964
25580
3978
19744
14776
3573
16914
6047
20241
9720
4431
21822
40588
9638
35678
2643
35696
37597
10110
27415
18494
24526
11512
29998
23974
15972
7110
8927
19906
34590
11060
1435
8378
29819
33421
21641
1707
32735
24557
35677
38954
18288
12910
38196
8649
25829
13021
8346
9659
38016
34969
37
37685
26162
17646
8405
18203
33786
37896
14178
15760
23899
23905
19553
20034
38523
25781
40381
35112
2404
14455
33976
5122
23656
19246
4129
1383
21393
31857
1597
37843
36929
39321
33873
25859
19137
29569
35793
2639
8999
30269
2869
11738
40796
10716
9088
21656
23910
12683
35576
15868
19149
4482
19264
973
13832
33732
37410
38059
6449
1288
5359
674
22521
21665
32901
39078
15234
17251
19803
31815
20289
24301
19955
39869
10525
4088
7635
36947
24282
8417
5444
34809
39167
31588
38191
21970
18310
29816
29209
3602
17230
19834
36717
14377
23559
24027
10945
39891
32113
40011
30385
20196
4816
33289
25712
36741
13476
1960
7961
29563
37721
21464
40552
29139
11149
12588
4733
17366
31861
100
7625
27571
6939
34815
18311
19798
39521
10700
22082
18522
19332
17744
5994
4510
24366
35288
3951
20387
33098
38491
12401
18516
39530
27699
27102
13589
22137
7354
11058
11168
33863
37076
3440
22199
15791
10668
29280
28016
26370
17204
26788
15558
39467
11717
36696
33717
22383
20839
33379
2185
28201
19477
25336
27509
28125
4740
8370
21008
11185
3671
1459
22983
27407
14249
29949
11255
40807
29461
4988
30029
22608
39628
30615
2105
12075
30455
36927
25747
3526
40685
30363
31790
39609
11148
29804
2164
10489
13751
143
22695
18291
6889
13177
5133
14235
22476
33727
16498
33593
8592
38141
35232
32336
40793
7059
33199
18513
15960
24270
20698
31363
17715
20303
10457
3616
35179
27088
16782
2686
34790
15296
7411
11623
33895
10463
23088
31133
9528
1248
29107
29883
27550
33628
33568
14842
22223
32282
26463
13446
38178
7464
24733
32149
32889
34360
21400
8411
1833
20861
40121
20575
19721
21565
24699
8284
30178
7482
23984
19745
14296
5853
51
9753
12963
8483
11600
6816
36630
22386
40398
23763
14004
35051
962
4408
26003
35366
34127
32983
728
37585
33223
7831
34680
25069
7528
14035
28202
3666
16489
3180
3343
5009
25053
20128
23379
33327
11641
35316
11360
35131
14847
13077
13418
953
3102
39195
29611
2365
39792
35594
36216
2369
27763
39681
23784
3881
35581
35152
21469
15172
7905
30783
18044
6520
14575
4393
36369
14010
27316
7224
21233
27169
6688
6854
28735
28520
350
18171
35533
30684
38583
3151
26190
18225
20685
27120
6482
30916
449
21249
9841
34377
2566
19808
29055
33619
35536
16243
27127
26983
6175
40184
3875
33085
6376
6071
32514
16625
4223
27237
28312
2320
29249
12152
36993
34253
16332
17378
32552
24095
18056
34315
37191
8312
9599
2366
10319
19726
11730
22260
19833
26118
38795
40141
7189
30461
31698
1303
4544
29916
14352
14315
18223
15145
14825
4587
19441
20884
20535
16087
8220
30146
16444
19245
32963
5739
35206
35039
12618
9389
12643
15695
3109
29803
7230
16473
38817
33258
37424
25840
20741
502
19467
26075
32801
38509
29413
18785
22780
6722
15526
14906
20638
22407
8913
40400
30130
40664
34700
3523
25070
33008
15094
15175
40437
14159
7057
34591
14720
924
14542
185
5264
28386
20614
28656
37618
28459
29537
21519
34474
37860
8925
388
13240
3373
38797
31486
2543
9886
6196
2428
13694
5970
22536
4746
30669
31189
9760
18286
11936
27194
15416
5609
31425
29118
22426
23575
33516
942
19896
32961
4899
36996
28745
21453
17859
13610
2814
22493
14155
11715
29681
32887
27159
21150
17347
29432
39089
6382
18926
35384
2765
2771
2969
3138
22473
40850
10947
7858
35591
10298
37465
21836
32182
9704
35306
113
4227
26570
40433
2212
12383
7481
25278
18581
9549
33970
32263
29469
40744
19719
27652
2883
37797
13945
16027
18736
28419
17507
19866
25380
24900
2068
12017
20186
6928
16143
7870
25089
7214
3067
12369
17454
28750
29003
31538
15182
17001
35435
8153
2311
21306
37547
5141
12338
5736
25936
29935
26380
21419
39271
20666
4788
7090
39624
17699
38251
20203
27314
25623
26655
11894
24395
4695
7380
14934
17168
34290
33986
8900
12452
33818
31721
13187
26414
28039
7836
38385
33812
11350
38182
26932
27872
3711
1108
12364
30356
33864
35660
29183
17609
13354
31203
28223
38867
3053
6538
33217
3471
12665
385
12050
2764
8344
26959
36233
4957
29433
36292
29117
13018
40538
23441
25066
6421
32626
39777
1417
15179
33528
28901
36833
36314
37114
21795
31910
35059
13122
7609
8855
38383
2864
11784
29303
27590
32737
611
38111
20354
29684
12328
166
39445
38828
25402
17570
25556
34806
4137
25725
26144
24784
10178
22812
26349
35981
16713
30806
2768
16977
12433
30606
15602
16888
12659
15577
13176
260
24487
32857
33420
35828
24720
6638
406
27962
17222
23331
23399
35608
17984
36155
4853
712
17521
9752
24214
3738
31770
1067
20730
14549
27317
16730
3114
32249
4540
14665
13301
35516
17039
11640
15624
19131
18029
6237
10865
16797
40775
5033
36682
6308
35458
27255
29884
31644
20399
15874
15862
40095
1580
26601
32971
28906
32470
3280
31368
13700
35044
10491
16512
31476
28775
28318
14576
642
26150
5677
20973
27151
8165
16043
13719
17244
9446
16548
4297
11576
15188
853
24167
13295
22311
40665
786
8444
20779
25824
12335
15150
25071
36928
18900
13861
4773
12755
19505
2963
36560
32086
8379
19193
37150
13665
22232
33458
38221
28004
3420
20617
33875
16175
12769
1529
31420
31785
16623
14050
834
1679
21789
38834
25387
21118
28686
26445
29123
18507
1708
37668
36001
779
35989
40468
9232
22951
34632
30795
10151
31840
15736
11863
934
11666
2076
22704
12405
8183
29587
25280
12132
40170
30811
30142
33195
37362
38981
26915
33744
5260
21552
13376
19600
35532
21649
32181
25869
1591
14070
28920
33609
11116
9335
6356
37038
15622
694
20639
26363
23934
5589
29400
33432
31281
19677
20929
12843
37728
6135
9420
19562
19660
16663
2150
14843
27178
19775
38468
6793
9010
7107
17947
29215
18824
7763
1518
17323
38918
34741
16997
24591
29997
35397
3284
15802
21693
29449
39623
27689
34247
32235
115
33383
17439
28231
35819
38405
13510
5632
27810
27410
30561
22779
35810
35534
40291
31705
17027
13813
25917
14181
5681
1470
22423
22108
30054
23907
21911
36539
1200
31424
15918
34279
415
18921
40373
6981
9656
16552
4330
27669
39716
775
18461
20681
27894
26478
36307
33775
28635
37922
3487
6464
6598
31053
27930
17940
5956
626
6082
18592
31666
18786
16858
37866
7379
33340
29462
26318
5135
26910
15431
6010
26407
36223
2333
30353
24973
3715
8364
33052
17138
7630
27856
17228
31928
21602
30814
11043
14591
30812
28578
9907
3882
13518
32005
8360
9642
32844
19799
17340
3040
6262
28875
996
38677
8481
1440
17192
15129
21157
40151
30764
14690
19300
13785
37913
9005
32197
3627
17287
340
40352
7385
10044
25242
15134
299
33407
37452
5915
22971
18543
3676
27168
3461
7283
20887
22049
6140
9134
35530
24919
544
33904
13024
11712
34803
22214
22449
14695
25391
8096
14554
27417
29726
33304
12960
20841
29836
27593
6313
34109
8238
86
2505
29085
26770
1076
16366
19690
11945
9154
6121
5812
29653
16380
26490
37813
40674
38392
30719
10103
33093
29330
3755
36435
14525
20935
1217
7362
20664
29403
7835
3093
39147
9979
1507
8566
2074
13893
2805
10492
31765
756
20876
12718
36178
32867
227
13282
12478
22330
10986
33466
5687
1572
26767
3493
12821
8881
4717
14270
25094
34868
13802
19425
15138
19432
6564
23657
2182
30389
15251
10160
15315
1862
9809
18179
29756
33461
34235
11388
31988
11728
12691
8908
15203
34168
18596
11892
9231
32760
9099
25356
36756
31798
30217
19692
16766
2624
29453
40503
33999
29951
23087
3080
20175
26037
29056
35121
37873
9937
9766
6666
40008
17492
372
35001
39306
19715
30992
3173
17041
23787
22396
31914
30211
39227
20253
14399
11190
21533
8707
3057
39919
5276
8496
27723
26926
28414
7348
37493
34147
5073
25518
18806
31749
12394
36318
36708
14137
8092
22427
22648
9560
24470
30523
10386
18182
16593
29927
9648
37566
38323
35857
23679
37159
39410
5278
26294
33150
29913
30901
9123
26560
37625
19297
8989
40521
36286
10530
33796
37512
6369
4575
17760
18860
23136
212
27044
35861
6874
23371
27272
37428
30777
32547
26025
11174
8985
14110
16781
32619
36444
4480
30616
37251
30959
38596
39292
12291
704
16917
29325
22650
1340
40105
18973
20321
2710
26245
4864
9860
32807
36512
3986
40410
2698
27932
3349
3099
19058
33549
11085
24600
12441
5241
6516
25926
17052
8361
15643
32851
19768
21039
23583
23468
28378
14646
17804
17698
24531
33951
35743
14492
23248
37360
28793
15793
28023
13924
33136
9574
22938
1818
36672
12744
21748
2178
2224
8995
31314
34325
17814
19260
29408
2027
22950
13043
10732
30108
25640
25870
31441
30472
6947
23782
3488
19032
37951
15333
3611
2889
29257
4839
32951
7070
7749
25074
31791
2709
19161
28017
13079
16592
11648
12370
27867
37402
30228
30451
22680
31467
9101
3354
4060
15295
32974
8784
30627
24925
9349
32215
6873
37572
13525
37981
37983
31595
33161
37853
37211
19418
22087
2042
24129
8870
32161
31190
1628
21422
28196
13874
22599
21158
19386
2503
5058
19943
32631
18014
9318
26847
9351
20634
39946
12504
5997
17775
39970
32346
31649
6684
23465
30605
29109
27831
136
2000
5588
3235
14255
29293
29721
5174
22180
16183
33010
31148
8391
17585
32160
32785
20274
27755
26377
25311
23005
2351
29053
32675
33486
3954
35111
1182
28268
17918
14604
23140
38942
37899
6519
24284
18620
16004
34579
33285
11253
3772
18941
6371
25463
13212
2326
23729
38250
3267
37553
14949
27742
4700
30399
8488
25949
11070
29650
6530
35890
8743
21891
25393
13378
5795
17565
5123
30559
8564
25632
19898
13440
13533
20567
17232
29597
39693
24401
29788
559
11572
30414
1872
3039
10486
22647
24943
1050
22956
39335
4742
36122
29168
29910
33635
20964
5846
14636
29351
14553
10903
8526
2577
5400
17671
30905
40345
17719
5283
680
15984
33082
12507
1378
16861
22184
38105
13807
16916
34512
22268
8464
10957
28622
38755
8943
5900
22469
6057
32507
7245
36767
8184
2079
2678
40060
33267
5385
30782
10179
7924
30264
32874
37637
10567
31831
11374
30103
28331
19384
23885
19603
9996
16784
3268
32051
36901
27565
13210
32655
4292
2552
40335
17402
17735
11016
3537
25685
37398
21202
6162
36743
35952
29130
34152
21328
11803
21366
23447
1403
28199
11343
28636
1218
12949
13584
9277
6120
19023
33024
29198
35938
12737
16139
35231
25145
9423
8105
38225
40201
40266
23843
20249
23602
26050
29613
6820
37113
37292
3580
15573
1118
5218
33434
3251
11184
26931
26175
22564
364
15546
12066
28598
3083
22174
6962
8419
18790
13027
32048
37164
10419
25198
28351
33017
15435
22045
8889
13948
35958
8339
18381
26437
30517
28917
14560
38435
11694
24533
38558
9571
18962
32649
24717
28042
8210
25579
29295
27375
18504
18796
16343
40513
1554
14577
23909
4018
25248
14275
11262
25439
28558
6826
21598
30263
10050
22748
26723
31797
28359
8790
28654
23134
21528
12193
19283
38605
34386
3025
23666
38042
18579
5066
29019
12446
32450
18136
22362
31514
1846
37273
37056
35752
19286
13822
5097
28321
5188
3112
18797
18684
13891
12070
3761
25316
29533
39375
16570
3572
10677
37927
14920
18175
3773
20286
15920
8712
10191
32177
31089
6167
24955
32454
29290
15304
24917
35342
20860
21455
26529
27155
35957
36175
20963
30967
17917
21712
