842
1635
1817
2159
2617
2630
2636
3390
3450
4128
4519
4900
5006
5943
6187
6213
6683
6807
6878
7012
7087
7613
8143
8318
8374
8916
9373
9427
9762
9805
11259
11298
12447
13681
13943
14073
14200
14677
14861
15126
15900
16500
16705
16747
17845
17903
18187
18351
19382
19392
19503
19679
20009
20932
21310
21357
21384
21616
21949
22147
22744
23002
23224
23229
23832
24137
24466
24549
25521
25866
26073
26692
27054
27179
27363
28093
28273
28538
28631
28660
29550
30291
30388
30674
30705
30765
31174
31175
31833
31937
32873
33372
33909
33943
34019
34163
34179
34209
34355
34446
34638
35100
35475
35689
35734
35979
36135
36235
36828
36868
36969
37503
38357
38743
39017
39351
40272
40303
40474
40632
