18
51
77
81
95
144
162
200
211
217
218
266
268
540
581
587
755
837
897
919
923
929
941
959
965
1014
1047
1054
1095
1157
1234
1251
1300
1360
1421
1626
1710
1758
1761
1768
1900
1953
2023
2033
2060
2093
2179
2185
2234
2260
2303
2364
2406
2486
2566
2614
2639
2672
2676
2741
2760
2764
2804
2827
2865
2900
2942
2984
3014
3038
3126
3141
3147
3180
3221
3262
3304
3309
3355
3372
3374
3458
3490
3566
3595
3602
3674
3691
3739
3794
3799
3854
3872
4044
4045
4075
4097
4131
4133
4161
4172
4200
4235
4372
4434
4446
4453
4711
4786
4816
4886
4911
4962
4983
5046
5296
5317
5336
5349
5358
5393
5453
5465
5539
5554
5571
5623
5648
5699
5749
5782
5789
5791
5830
5862
5912
5963
6022
6066
6108
6131
6377
6437
6482
6572
6576
6663
6680
6786
6898
6928
6954
6987
7045
7089
7185
7189
7191
7230
7236
7256
7304
7373
7400
7416
7426
7598
7633
7693
7815
7831
7850
7870
7879
7887
7905
7931
8035
8045
8081
8099
8117
8159
8186
8257
8292
8293
8315
8345
8454
8466
8476
8486
8547
8655
8695
8700
8722
8795
8818
8888
8948
9027
9085
9105
9247
9366
9451
9483
9496
9500
9623
9633
9682
9696
9736
9843
9875
9955
10001
10030
10066
10163
10211
10240
10274
10325
10412
10423
10424
10457
10537
10579
10584
10651
10684
10748
10815
10828
10997
11013
11191
11204
11241
11300
11319
11326
11340
11389
11439
11461
11522
11612
11641
11752
11968
11976
12038
12075
12090
12135
12178
12196
12226
12240
12301
12329
12359
12423
12467
12499
12503
12557
12575
12636
12665
12811
12857
12872
12936
12945
12952
12996
13030
13075
13096
13165
13195
13215
13216
13230
13276
13325
13335
13412
13451
13466
13483
13564
13576
13613
13623
13831
13880
13887
13941
13942
14063
14085
14211
14281
14315
14352
14361
14424
14443
14455
14574
14825
14882
14921
14971
14990
15012
15089
15111
15145
15146
15235
15265
15287
15318
15419
15440
15445
15525
15540
15548
15551
15625
15633
15677
15774
15825
15853
15878
15910
15921
15955
15993
16014
16069
16087
16146
16199
16260
16271
16314
16317
16360
16364
16401
16430
16447
16450
16460
16558
16562
16591
16683
16699
16702
16728
16752
16779
16782
16812
16832
16847
16907
16923
16986
17076
17178
17210
17279
17386
17394
17415
17437
17454
17471
17536
17560
17706
17771
17954
17959
18012
18018
18031
18046
18198
18202
18211
18311
18373
18485
18590
18631
18638
18698
18708
18785
18835
18865
18930
19020
19031
19128
19133
19176
19179
19245
19322
19374
19475
19479
19544
19585
19635
19685
19692
19808
19819
19944
19952
19962
19989
19990
20059
20067
20122
20174
20192
20196
20200
20224
20258
20427
20515
20577
20604
20691
20749
20803
20839
20878
21003
21054
21110
21143
21163
21271
21334
21342
21379
21400
21444
21516
21520
21546
21547
21567
21586
21599
21629
21734
21785
21927
22053
22151
22216
22305
22366
22373
22375
22410
22412
22418
22425
22462
22496
22501
22530
22545
22581
22592
22705
22729
22801
22815
22857
22863
23020
23033
23042
23088
23206
23323
23350
23383
23422
23493
23559
23605
23674
23764
23778
23811
23859
23896
23918
23957
24039
24120
24154
24191
24293
24314
24398
24404
24521
24529
24546
24570
24622
24643
24654
24737
24773
24788
24827
24939
24965
25126
25159
25256
25274
25318
25424
25426
25506
25511
25582
25595
25599
25763
25806
25817
25916
25960
25982
26075
26182
26194
26200
26330
26425
26484
26515
26561
26586
26589
26667
26693
26707
26846
26883
26941
26959
26987
27026
27032
27083
27113
27115
27120
27161
27223
27311
27339
27364
27383
27413
27438
27488
27567
27646
27699
27758
27843
27936
27946
27964
28006
28054
28099
28151
28173
28340
28429
28442
28478
28630
28657
28701
28707
28756
28848
28890
28937
29031
29092
29099
29209
29285
29297
29319
29423
29424
29527
29615
29716
29730
29813
29815
29943
29954
30030
30031
30094
30158
30186
30245
30284
30418
30461
30471
30574
30720
30728
30763
30789
30822
30827
30842
30881
30904
30958
30979
31016
31118
31140
31200
31204
31220
31226
31328
31363
31458
31470
31667
31669
31683
31688
31719
31814
31839
31857
31911
31979
32037
32055
32062
32118
32134
32148
32221
32231
32276
32278
32320
32369
32379
32388
32397
32441
32465
32488
32492
32562
32592
32750
32798
32834
32849
32942
32957
32992
33028
33057
33076
33094
33175
33228
33250
33477
33710
33776
33797
33800
33863
33878
33885
33982
34021
34025
34042
34043
34212
34373
34381
34402
34427
34462
34513
34542
34543
34582
34623
34648
34653
34676
34706
34809
34823
34889
34922
34932
34938
35010
35020
35039
35134
35162
35173
35190
35206
35230
35275
35283
35395
35490
35491
35531
35548
35605
35640
35661
35806
35864
35886
35899
36017
36048
36063
36089
36158
36212
36312
36332
36408
36413
36441
36522
36540
36561
36563
36586
36667
36677
36691
36840
36857
36874
36895
37076
37095
37116
37154
37171
37205
37220
37314
37350
37468
37489
37551
37556
37570
37606
37614
37641
37666
37731
37752
37768
37775
37863
37872
37916
37949
37954
38015
38159
38233
38362
38662
38687
38864
38870
38930
38937
38961
39002
39030
39077
39128
39162
39163
39195
39199
39207
39229
39583
39768
39818
39915
39996
40026
40037
40070
40071
40093
40141
40174
40296
40329
40331
40389
40400
40482
40487
40550
40576
40693
40738
40807
40814
40837
