7
14
37
56
79
97
153
157
166
179
181
182
185
227
233
254
291
347
406
434
467
472
570
613
636
642
674
712
726
760
776
845
846
875
942
953
1000
1006
1043
1055
1067
1073
1086
1133
1180
1244
1288
1309
1382
1390
1409
1417
1434
1554
1572
1630
1667
1676
1686
1698
1720
1765
1773
1779
1828
1833
1853
1871
1900
1924
1972
1980
2033
2156
2157
2187
2196
2210
2243
2281
2311
2369
2403
2428
2485
2506
2614
2620
2643
2676
2705
2765
2771
2799
2803
2814
2864
2897
2935
2957
2964
2984
3100
3102
3109
3134
3138
3145
3162
3179
3202
3203
3260
3290
3308
3326
3332
3378
3436
3470
3471
3486
3518
3526
3603
3619
3630
3676
3738
3872
3881
3980
4013
4048
4063
4072
4082
4129
4143
4172
4322
4334
4345
4361
4382
4395
4408
4414
4423
4431
4451
4490
4533
4540
4607
4609
4631
4633
4634
4654
4690
4695
4715
4717
4746
4760
4774
4788
4816
4817
4825
4853
4858
4862
4899
4957
4997
5037
5070
5072
5078
5095
5117
5128
5133
5160
5175
5187
5188
5208
5213
5267
5276
5280
5316
5359
5389
5462
5487
5521
5530
5549
5554
5609
5668
5670
5707
5736
5763
5774
5775
5789
5843
5853
5890
5895
5896
5951
5959
5963
5967
5970
5973
6044
6047
6066
6110
6130
6199
6266
6285
6324
6382
6485
6500
6523
6538
6582
6615
6638
6667
6722
6740
6767
6855
6931
6946
7002
7020
7045
7089
7105
7374
7411
7414
7450
7464
7569
7575
7600
7646
7679
7747
7790
7905
7986
8041
8045
8096
8165
8269
8277
8284
8315
8321
8405
8486
8491
8494
8504
8540
8548
8629
8650
8675
8764
8766
8821
8850
8876
8881
8891
8978
9015
9027
9147
9307
9328
9372
9389
9473
9493
9522
9620
9623
9638
9657
9688
9728
9760
9811
9817
9827
9833
9847
9854
9912
9944
9963
9969
9973
9975
9988
10010
10042
10100
10122
10172
10206
10238
10240
10377
10453
10457
10463
10466
10501
10525
10558
10668
10796
10824
10852
10854
10948
11058
11117
11169
11189
11215
11224
11360
11369
11430
11522
11673
11705
11715
11746
11784
11806
11838
11869
11913
11924
11936
11960
11977
12083
12135
12137
12146
12326
12328
12373
12383
12505
12506
12513
12551
12557
12577
12618
12659
12688
12713
12814
12821
12910
12974
12978
13010
13018
13021
13028
13089
13122
13152
13164
13176
13177
13221
13282
13328
13343
13494
13574
13601
13645
13686
13694
13720
13758
13760
13810
13855
13891
13910
13916
13917
13933
13954
14008
14076
14105
14129
14178
14231
14235
14248
14266
14275
14311
14338
14343
14375
14400
14443
14446
14459
14476
14542
14576
14658
14671
14815
14847
14866
14868
14906
14996
14998
15047
15090
15091
15094
15111
15136
15215
15229
15231
15234
15235
15251
15272
15287
15299
15346
15353
15358
15416
15436
15440
15446
15526
15602
15624
15633
15662
15671
15700
15731
15743
15758
15760
15766
15824
15827
15875
15959
15970
15972
16001
16043
16048
16072
16073
16107
16166
16167
16194
16258
16272
16332
16364
16366
16370
16447
16487
16489
16498
16512
16514
16610
16626
16728
16748
16766
16817
16854
16876
16888
16914
16973
16994
17082
17137
17148
17178
17244
17246
17283
17295
17388
17409
17528
17539
17553
17564
17609
17807
17822
17859
17885
17944
17979
17984
17989
18002
18057
18171
18189
18203
18286
18288
18310
18331
18332
18342
18381
18442
18466
18473
18495
18519
18583
18618
18636
18684
18731
18762
18769
18773
18774
18785
18803
18926
18974
19023
19098
19133
19149
19174
19254
19264
19274
19328
19402
19405
19425
19477
19553
19564
19617
19692
19719
19727
19744
19745
19834
19872
19883
19896
19904
19906
19958
19973
20034
20059
20067
20114
20117
20128
20132
20203
20295
20410
20432
20440
20456
20553
20564
20575
20580
20584
20614
20648
20657
20660
20689
20741
20794
20829
20839
20907
20973
21008
21072
21076
21102
21141
21150
21163
21174
21202
21254
21269
21315
21334
21336
21342
21389
21400
21409
21419
21453
21496
21509
21534
21576
21582
21586
21598
21665
21675
21689
21698
21773
21790
21795
21803
21815
21822
21896
21969
22010
22011
22049
22082
22106
22112
22137
22159
22199
22211
22275
22410
22426
22438
22476
22477
22481
22482
22493
22521
22530
22536
22556
22559
22592
22638
22667
22678
22742
22752
22758
22780
22838
22839
22886
22971
22999
23033
23175
23323
23331
23398
23518
23559
23575
23592
23641
23657
23678
23702
23736
23760
23768
23775
23784
23790
23799
23803
23828
23838
23895
23899
23905
23922
23956
23984
24011
24027
24055
24189
24215
24234
24282
24293
24297
24300
24380
24457
24484
24487
24557
24590
24651
24699
24720
24754
24760
24818
24825
24999
25044
25065
25066
25087
25271
25274
25284
25293
25308
25346
25365
25399
25402
25424
25451
25456
25468
25580
25624
25747
25781
25829
25839
25847
25849
25850
25907
25911
25918
25936
25986
26059
26070
26162
26194
26202
26264
26278
26321
26341
26349
26372
26427
26437
26450
26463
26505
26547
26567
26655
26681
26730
26767
26790
26917
26932
26939
26961
26970
26998
27007
27033
27082
27168
27194
27206
27212
27222
27248
27283
27314
27317
27407
27413
27496
27509
27511
27534
27590
27617
27644
27670
27689
27736
27756
27758
27761
27763
27882
27941
27984
28016
28039
28067
28082
28095
28125
28145
28201
28202
28223
28318
28321
28348
28349
28359
28367
28386
28390
28391
28401
28422
28442
28459
28461
28520
28549
28609
28637
28656
28715
28721
28735
28775
28779
28796
28836
28838
28906
28944
28952
29118
29233
29240
29250
29312
29376
29411
29413
29500
29522
29531
29577
29630
29658
29675
29699
29756
29779
29803
29804
29813
29865
29870
29878
29907
29935
29949
30039
30118
30122
30203
30212
30227
30363
30439
30476
30498
30642
30669
30719
30720
30783
30806
30822
30842
30955
30995
31021
31041
31051
31052
31139
31147
31168
31179
31189
31224
31321
31325
31345
31359
31363
31368
31425
31476
31500
31514
31554
31555
31588
31596
31598
31608
31618
31632
31645
31669
31709
31713
31759
31797
31845
31915
31942
31951
31979
31983
31991
32003
32065
32154
32159
32202
32218
32249
32294
32336
32369
32407
32442
32450
32486
32570
32617
32618
32656
32716
32718
32735
32767
32773
32815
32834
32849
32850
32857
32867
32887
32901
32911
32936
32972
32981
32992
32995
33024
33046
33217
33378
33419
33420
33497
33516
33522
33527
33528
33530
33574
33585
33587
33638
33654
33732
33765
33782
33786
33873
33920
34025
34056
34171
34173
34186
34218
34219
34307
34337
34339
34419
34427
34437
34450
34467
34535
34542
34549
34571
34590
34591
34604
34714
34781
34809
34877
34892
34955
34969
34982
35028
35034
35059
35112
35131
35152
35216
35217
35246
35309
35346
35436
35490
35493
35516
35533
35536
35547
35549
35564
35576
35584
35608
35611
35677
35706
35714
35723
35728
35752
35793
35828
35859
35886
35919
35988
36006
36108
36131
36149
36155
36158
36165
36178
36183
36233
36241
36267
36269
36292
36312
36387
36389
36407
36456
36464
36468
36588
36635
36667
36697
36701
36732
36748
36791
36833
36844
36929
36947
36996
37023
37027
37028
37135
37194
37217
37219
37374
37492
37531
37547
37556
37581
37685
37725
37731
37746
37802
37803
37813
37855
37868
37896
37945
37959
37987
37999
38016
38071
38141
38162
38165
38178
38179
38182
38196
38232
38330
38375
38392
38423
38430
38456
38509
38523
38558
38583
38642
38672
38793
38795
38800
38834
38867
38938
38991
38993
39057
39078
39089
39167
39195
39199
39222
39224
39229
39258
39260
39281
39337
39356
39395
39423
39580
39624
39628
39681
39734
39762
39768
39798
39803
39853
39884
39891
39901
39915
39950
39961
39973
39983
40016
40045
40063
40081
40083
40121
40172
40261
40381
40429
40472
40506
40544
40629
40655
40664
40674
40677
40719
40793
40837
