600
845
846
934
1440
1554
1846
2068
2391
2485
2585
2676
2725
2969
3025
3112
3134
3461
3715
3761
4013
4018
5097
5276
5308
6130
6826
6873
6962
7143
7348
7393
7762
7886
8044
8210
8339
8419
8864
9056
9232
9623
9642
10037
10050
10419
11043
11262
11666
11694
11863
11936
12017
12070
12193
12446
13027
13028
13187
13662
13694
13822
13891
13904
14099
14393
14443
14560
14577
14753
15129
15435
15736
15802
16105
16343
16641
16718
17027
17323
17536
18136
18179
18504
18543
18579
18790
18796
18797
19283
19286
19692
19858
20059
20067
20422
20739
20887
21029
21306
21528
21598
21699
22010
22045
22174
22362
22556
22704
22748
22971
23134
23605
23666
23775
23909
24395
24591
24717
24900
24973
25198
25248
25316
25439
25579
25726
25847
26561
26655
26723
27078
27168
27375
27565
27689
28042
28351
28433
28558
28578
28635
28654
28917
29019
29295
29555
29699
29756
29779
29997
30263
30812
30814
31420
31425
31514
31669
31721
31797
31840
31928
32048
32450
32961
33017
34141
34147
34297
34386
34893
34950
34986
35190
35363
35397
35518
35886
36389
36743
37056
37080
37164
37273
37493
37603
38042
38558
38838
39124
39260
39648
40129
40513
40521
