626
1118
1218
1403
2005
2076
2212
2632
3083
3251
3580
3882
4209
4572
5066
5079
5141
5218
5795
5915
6162
6296
6530
6548
6738
6820
6978
6981
7385
7439
7630
8364
8572
8743
8790
8900
8925
9005
9277
9571
9656
9907
10151
10934
11070
11157
11184
11343
11433
11482
12030
12066
12452
12737
12949
12965
13054
13378
13584
13915
13945
13948
14399
14591
15573
15788
15918
16749
17138
17228
17287
17507
18299
18962
19428
19562
19817
19866
20249
20431
20502
20585
20681
20841
21071
21366
21417
21602
21891
22558
22564
22741
23241
23441
23447
23602
23751
23795
23843
23936
24211
24221
24274
24533
25145
25393
26050
26175
26363
26403
26411
26511
26931
27856
28419
28598
28636
28750
29198
29377
29533
29613
29902
30394
30616
31475
31485
31486
32045
32263
32517
32649
32993
33052
33146
33434
34247
35231
35890
35938
35958
36113
36827
37452
37797
38251
38435
38671
39271
39919
40005
40097
40201
40206
40266
40373
