0
4
5
34
35
59
68
83
88
98
106
107
108
125
173
183
184
187
204
225
228
255
271
282
309
310
332
336
366
374
383
394
401
402
413
428
429
431
432
438
442
473
483
485
488
497
500
504
508
514
541
550
551
571
578
588
596
597
598
607
608
610
624
625
627
629
650
661
664
666
670
679
684
707
711
715
724
732
738
758
759
766
799
805
810
812
813
825
838
843
844
854
864
873
898
908
912
926
946
949
956
966
970
988
990
1019
1068
1072
1089
1099
1119
1121
1124
1127
1128
1135
1144
1172
1173
1174
1185
1189
1193
1215
1220
1224
1228
1246
1249
1253
1255
1274
1278
1284
1295
1297
1305
1307
1308
1311
1355
1359
1361
1365
1379
1387
1388
1389
1391
1395
1399
1410
1411
1419
1429
1445
1449
1452
1454
1466
1467
1473
1477
1515
1519
1522
1525
1526
1533
1542
1552
1553
1564
1568
1579
1583
1602
1603
1616
1624
1634
1657
1666
1685
1689
1705
1712
1721
1726
1728
1753
1767
1778
1788
1793
1803
1826
1837
1839
1865
1880
1881
1885
1886
1887
1902
1916
1918
1943
1962
2015
2021
2036
2040
2059
2061
2064
2083
2090
2117
2120
2126
2127
2158
2163
2173
2174
2177
2186
2201
2219
2245
2252
2264
2270
2276
2304
2307
2314
2321
2340
2345
2368
2376
2387
2412
2420
2433
2439
2458
2470
2483
2492
2496
2501
2520
2542
2564
2568
2569
2584
2595
2599
2606
2615
2626
2633
2645
2659
2675
2708
2736
2757
2759
2762
2774
2775
2780
2783
2786
2789
2806
2823
2825
2837
2854
2863
2878
2890
2903
2910
2929
2941
2979
2999
3000
3007
3012
3029
3043
3047
3060
3063
3070
3078
3086
3096
3105
3108
3118
3129
3130
3150
3164
3165
3198
3208
3210
3212
3225
3227
3277
3288
3289
3295
3301
3320
3330
3335
3356
3376
3389
3406
3408
3410
3421
3424
3429
3433
3434
3437
3442
3452
3492
3498
3510
3511
3520
3529
3531
3542
3547
3558
3560
3592
3610
3621
3628
3644
3648
3662
3667
3670
3673
3680
3687
3747
3752
3753
3786
3813
3826
3838
3843
3855
3863
3874
3884
3885
3890
3891
3894
3907
3920
3930
3942
3947
3957
3981
3985
4011
4035
4050
4066
4080
4083
4084
4092
4100
4102
4103
4104
4109
4110
4113
4117
4130
4139
4149
4151
4169
4173
4181
4188
4190
4196
4217
4220
4228
4234
4237
4240
4253
4274
4313
4315
4338
4348
4367
4374
4377
4396
4399
4412
4418
4439
4442
4448
4457
4460
4472
4477
4478
4497
4501
4512
4514
4528
4530
4555
4557
4559
4562
4578
4599
4604
4608
4618
4636
4643
4658
4663
4702
4707
4722
4739
4752
4757
4763
4767
4768
4775
4782
4787
4789
4791
4795
4805
4831
4833
4835
4847
4872
4881
4895
4910
4921
4924
4935
4940
4964
4970
4976
4993
4994
5011
5014
5015
5048
5056
5067
5092
5101
5125
5134
5142
5155
5162
5170
5216
5222
5238
5270
5272
5284
5295
5323
5338
5340
5350
5371
5373
5383
5408
5409
5426
5433
5470
5472
5479
5496
5497
5499
5507
5510
5522
5532
5533
5535
5536
5542
5567
5575
5581
5586
5594
5610
5614
5621
5641
5645
5660
5666
5715
5724
5726
5730
5737
5754
5761
5762
5769
5780
5781
5807
5813
5814
5816
5865
5871
5880
5886
5917
5922
5965
5987
5989
5991
6006
6007
6020
6024
6031
6037
6054
6055
6079
6101
6105
6116
6126
6133
6138
6145
6149
6159
6177
6181
6192
6216
6220
6230
6231
6241
6248
6255
6318
6334
6352
6355
6357
6374
6385
6396
6401
6403
6412
6420
6432
6444
6457
6458
6470
6499
6528
6546
6552
6554
6571
6573
6583
6584
6585
6586
6602
6603
6624
6634
6644
6693
6715
6718
6727
6728
6731
6739
6748
6752
6763
6765
6789
6792
6797
6798
6815
6818
6837
6856
6863
6876
6904
6911
6918
6938
6942
6951
6972
6973
7000
7006
7026
7034
7043
7052
7054
7056
7102
7112
7113
7117
7122
7133
7152
7197
7199
7200
7240
7249
7254
7255
7271
7284
7351
7355
7359
7364
7410
7412
7417
7441
7446
7454
7461
7467
7473
7497
7516
7526
7539
7542
7562
7579
7603
7614
7621
7636
7654
7662
7672
7676
7684
7701
7719
7721
7726
7734
7736
7766
7788
7798
7810
7811
7827
7840
7842
7932
7935
7951
7959
7978
7989
8005
8020
8025
8027
8028
8042
8047
8084
8098
8110
8112
8114
8115
8138
8140
8147
8180
8182
8190
8196
8226
8255
8256
8297
8311
8313
8341
8343
8351
8357
8358
8392
8395
8396
8430
8433
8435
8456
8462
8477
8531
8532
8539
8550
8554
8555
8559
8567
8570
8573
8586
8587
8596
8619
8640
8645
8663
8665
8718
8723
8725
8744
8751
8771
8772
8776
8787
8793
8808
8815
8817
8826
8837
8841
8845
8854
8868
8875
8883
8890
8893
8894
8899
8901
8903
8904
8945
8962
8964
8965
8969
8970
8982
8986
8996
9001
9034
9038
9044
9069
9070
9075
9084
9104
9107
9118
9121
9135
9137
9155
9165
9166
9168
9178
9180
9181
9187
9195
9213
9236
9243
9249
9250
9281
9282
9288
9292
9293
9294
9295
9326
9330
9343
9360
9377
9387
9402
9416
9418
9436
9466
9476
9489
9508
9516
9519
9523
9556
9575
9584
9592
9594
9598
9601
9617
9629
9635
9637
9646
9651
9671
9679
9684
9689
9700
9701
9708
9729
9741
9769
9793
9804
9813
9815
9820
9824
9832
9835
9857
9858
9873
9884
9902
9905
9920
9924
9953
9954
9957
9964
9978
9981
9985
9989
9990
10022
10023
10033
10047
10060
10076
10079
10081
10091
10115
10124
10135
10141
10153
10161
10175
10177
10199
10201
10202
10214
10216
10217
10220
10227
10229
10241
10252
10253
10260
10265
10287
10304
10309
10320
10331
10347
10357
10378
10392
10400
10407
10416
10431
10441
10447
10458
10459
10462
10476
10477
10478
10496
10500
10503
10514
10529
10538
10547
10561
10563
10570
10583
10588
10597
10599
10607
10615
10622
10642
10649
10656
10662
10667
10670
10671
10691
10697
10722
10731
10736
10739
10751
10752
10768
10775
10782
10785
10786
10809
10841
10847
10851
10863
10866
10871
10877
10880
10884
10890
10891
10907
10909
10920
10925
10926
10933
10937
10944
10946
10952
10968
10970
10972
10995
10996
11008
11023
11048
11050
11052
11062
11067
11076
11086
11092
11096
11098
11103
11121
11124
11131
11137
11159
11179
11181
11194
11236
11238
11256
11271
11273
11274
11284
11289
11320
11322
11337
11338
11342
11354
11392
11395
11408
11426
11428
11445
11456
11459
11464
11466
11471
11476
11485
11497
11499
11514
11517
11532
11538
11545
11549
11557
11559
11566
11577
11579
11591
11601
11604
11607
11610
11620
11621
11637
11638
11667
11671
11674
11676
11679
11683
11687
11696
11700
11739
11750
11780
11782
11786
11834
11849
11877
11879
11881
11891
11941
11946
11970
11975
11980
11983
12004
12016
12020
12021
12027
12031
12034
12044
12051
12052
12062
12086
12088
12120
12125
12126
12136
12142
12166
12197
12200
12218
12229
12241
12243
12260
12274
12276
12278
12286
12294
12308
12334
12351
12356
12358
12363
12367
12391
12398
12412
12418
12427
12435
12442
12449
12471
12492
12511
12521
12524
12530
12539
12544
12547
12558
12561
12584
12585
12587
12592
12596
12603
12604
12611
12620
12624
12639
12647
12656
12672
12698
12699
12716
12729
12754
12759
12787
12791
12800
12808
12838
12842
12844
12848
12868
12874
12876
12882
12892
12894
12896
12899
12909
12916
12917
12919
12933
12937
12969
12972
12981
12990
12992
13002
13005
13014
13033
13069
13073
13076
13083
13116
13128
13137
13163
13180
13192
13200
13206
13211
13225
13278
13281
13289
13303
13309
13320
13324
13332
13337
13350
13359
13367
13399
13403
13405
13407
13410
13411
13414
13423
13430
13437
13472
13484
13520
13524
13558
13581
13583
13611
13635
13644
13648
13668
13674
13691
13706
13712
13723
13728
13745
13769
13774
13775
13777
13788
13799
13812
13823
13827
13834
13838
13841
13899
13900
13907
13909
13939
13940
13955
13961
13983
13985
13997
14001
14007
14013
14019
14027
14048
14051
14053
14066
14077
14081
14090
14093
14103
14134
14138
14142
14152
14163
14188
14222
14230
14273
14287
14310
14313
14314
14323
14337
14340
14358
14370
14395
14397
14401
14404
14412
14420
14434
14440
14449
14464
14495
14502
14520
14532
14536
14545
14550
14557
14559
14587
14589
14600
14602
14607
14619
14621
14643
14644
14656
14684
14689
14693
14702
14722
14730
14736
14737
14741
14752
14756
14770
14779
14833
14840
14846
14856
14871
14885
14904
14905
14914
14926
14935
14938
14939
14945
14952
14981
14986
15016
15039
15058
15118
15124
15130
15131
15141
15160
15165
15205
15207
15209
15210
15212
15219
15236
15246
15255
15257
15284
15310
15312
15328
15334
15335
15343
15357
15360
15364
15369
15391
15399
15401
15422
15430
15441
15442
15466
15494
15495
15521
15524
15527
15583
15599
15600
15604
15612
15614
15618
15634
15641
15649
15663
15672
15678
15681
15685
15686
15691
15734
15735
15738
15744
15746
15749
15753
15771
15786
15805
15834
15837
15845
15848
15867
15879
15880
15885
15886
15891
15902
15912
15925
15935
15967
15973
15985
16000
16007
16013
16032
16062
16071
16085
16090
16095
16116
16121
16135
16192
16202
16206
16213
16215
16216
16227
16241
16266
16275
16285
16294
16301
16310
16318
16322
16335
16354
16355
16362
16367
16372
16375
16383
16422
16437
16438
16459
16464
16468
16494
16497
16502
16516
16529
16582
16587
16589
16597
16598
16616
16624
16632
16636
16637
16648
16660
16664
16672
16689
16693
16695
16712
16723
16732
16742
16743
16792
16800
16811
16815
16831
16838
16846
16862
16874
16884
16905
16922
16937
16947
16950
16954
16961
17012
17023
17031
17043
17045
17075
17100
17108
17121
17133
17147
17149
17179
17180
17203
17208
17211
17212
17213
17223
17231
17240
17243
17249
17260
17276
17278
17282
17300
17339
17343
17389
17392
17419
17421
17440
17449
17463
17464
17474
17483
17485
17486
17491
17497
17514
17519
17525
17527
17537
17592
17594
17601
17606
17614
17624
17651
17667
17674
17696
17708
17711
17746
17756
17782
17783
17791
17846
17872
17893
17894
17904
17908
17925
17931
17941
17955
17963
17980
17982
17983
17994
18025
18030
18034
18037
18043
18054
18097
18100
18104
18133
18153
18157
18163
18172
18181
18184
18192
18195
18205
18207
18214
18227
18228
18230
18233
18259
18294
18298
18319
18326
18328
18336
18339
18354
18377
18412
18415
18425
18427
18440
18453
18487
18502
18512
18515
18517
18520
18523
18530
18533
18545
18546
18559
18570
18612
18623
18632
18650
18652
18666
18671
18672
18674
18694
18696
18703
18705
18707
18718
18725
18726
18733
18760
18764
18778
18801
18802
18809
18828
18830
18851
18855
18866
18885
18889
18902
18908
18910
18931
18984
18999
19006
19009
19011
19013
19029
19033
19042
19049
19061
19088
19089
19093
19106
19125
19126
19129
19143
19147
19150
19160
19203
19207
19212
19219
19222
19227
19252
19262
19269
19270
19272
19276
19280
19285
19316
19319
19337
19346
19354
19358
19361
19364
19389
19404
19406
19424
19458
19478
19496
19521
19524
19536
19539
19563
19566
19572
19575
19592
19595
19597
19656
19657
19663
19676
19686
19728
19753
19754
19759
19761
19769
19777
19788
19794
19796
19827
19836
19859
19864
19865
19918
19924
19927
19942
19951
19963
19965
19966
19969
19980
19997
20003
20004
20017
20039
20040
20055
20064
20074
20076
20077
20084
20086
20088
20120
20123
20147
20157
20169
20184
20185
20188
20194
20198
20202
20205
20206
20215
20236
20247
20250
20262
20265
20296
20298
20299
20307
20312
20313
20320
20327
20336
20351
20376
20403
20409
20411
20436
20437
20468
20483
20509
20511
20513
20539
20548
20556
20558
20562
20566
20569
20606
20611
20622
20642
20644
20649
20661
20696
20699
20701
20703
20706
20713
20742
20748
20769
20771
20773
20775
20780
20782
20788
20792
20814
20815
20833
20834
20835
20837
20840
20842
20846
20862
20886
20891
20911
20912
20913
20918
20923
20925
20933
20952
20955
20983
20994
21009
21023
21024
21042
21045
21075
21086
21131
21140
21173
21177
21185
21218
21225
21226
21230
21278
21302
21327
21330
21347
21351
21356
21362
21367
21387
21397
21398
21404
21405
21426
21429
21437
21484
21494
21500
21532
21553
21595
21634
21692
21701
21706
21710
21726
21750
21751
21779
21788
21800
21810
21814
21826
21828
21834
21844
21857
21869
21872
21875
21890
21912
21921
21929
21934
21946
21960
21971
21973
21997
22001
22031
22046
22054
22060
22063
22073
22105
22107
22121
22122
22144
22167
22185
22195
22203
22205
22217
22231
22250
22266
22281
22292
22304
22307
22319
22327
22352
22361
22378
22381
22384
22389
22397
22398
22399
22401
22406
22409
22416
22421
22459
22463
22466
22508
22555
22563
22566
22567
22576
22614
22622
22623
22627
22637
22642
22660
22686
22734
22735
22736
22750
22759
22766
22772
22794
22800
22804
22814
22818
22825
22843
22845
22854
22858
22866
22876
22877
22912
22915
22926
22941
22943
22959
22966
22978
22986
22995
23016
23032
23034
23047
23056
23057
23068
23073
23086
23114
23133
23139
23160
23169
23181
23189
23211
23219
23228
23233
23252
23264
23265
23268
23270
23276
23279
23281
23288
23301
23303
23324
23337
23338
23388
23391
23397
23404
23407
23430
23435
23442
23446
23480
23489
23491
23498
23511
23529
23535
23538
23543
23555
23576
23582
23591
23599
23607
23621
23622
23630
23637
23644
23646
23658
23659
23680
23683
23705
23709
23714
23732
23745
23746
23750
23759
23761
23770
23780
23785
23788
23798
23807
23818
23825
23830
23846
23852
23854
23863
23865
23869
23911
23935
23942
23947
23963
23966
24003
24015
24024
24045
24054
24062
24094
24110
24123
24149
24155
24156
24166
24174
24177
24182
24183
24192
24199
24203
24213
24217
24236
24245
24254
24256
24272
24280
24295
24323
24326
24335
24342
24354
24359
24381
24387
24392
24410
24434
24437
24444
24446
24455
24462
24467
24471
24488
24500
24506
24512
24530
24540
24552
24553
24580
24582
24583
24593
24623
24639
24640
24659
24660
24661
24669
24696
24712
24715
24722
24735
24757
24766
24771
24782
24790
24793
24795
24798
24812
24830
24845
24849
24859
24876
24881
24884
24894
24897
24906
24907
24914
24929
24936
24952
24971
24974
24996
25004
25028
25052
25057
25058
25059
25088
25100
25102
25120
25137
25141
25143
25148
25153
25169
25179
25183
25215
25216
25226
25228
25239
25247
25252
25257
25259
25261
25295
25300
25301
25309
25315
25330
25333
25338
25350
25362
25363
25367
25379
25381
25396
25400
25401
25412
25425
25438
25484
25496
25497
25502
25503
25507
25520
25522
25526
25543
25557
25561
25568
25590
25605
25618
25619
25627
25642
25649
25665
25690
25692
25710
25751
25764
25766
25767
25769
25784
25790
25800
25813
25814
25854
25867
25873
25888
25929
25948
25964
25966
25985
26022
26027
26063
26077
26085
26086
26098
26114
26127
26163
26219
26223
26225
26238
26250
26262
26281
26302
26315
26325
26336
26365
26386
26394
26402
26426
26436
26456
26485
26493
26497
26501
26517
26531
26544
26559
26564
26584
26596
26605
26610
26619
26630
26633
26648
26650
26653
26658
26664
26677
26682
26683
26694
26697
26698
26708
26721
26732
26735
26745
26748
26751
26772
26775
26777
26785
26814
26823
26836
26849
26863
26870
26871
26882
26905
26913
26921
26954
26976
27005
27006
27012
27045
27047
27072
27073
27101
27103
27126
27130
27148
27149
27172
27184
27200
27207
27208
27250
27254
27261
27281
27299
27334
27336
27343
27346
27369
27370
27380
27381
27404
27427
27432
27466
27469
27482
27483
27486
27490
27505
27506
27508
27531
27540
27549
27558
27559
27560
27563
27586
27624
27641
27643
27657
27666
27671
27688
27702
27703
27713
27762
27768
27773
27784
27793
27800
27803
27808
27812
27832
27836
27857
27885
27893
27903
27912
27921
27940
27947
27965
27975
27981
28008
28022
28024
28028
28046
28051
28058
28091
28097
28115
28135
28176
28182
28186
28193
28194
28239
28248
28261
28265
28275
28280
28294
28307
28317
28330
28337
28339
28354
28370
28404
28409
28416
28417
28421
28448
28455
28482
28486
28498
28499
28501
28516
28518
28521
28528
28534
28542
28555
28565
28573
28594
28643
28644
28648
28663
28700
28708
28723
28731
28741
28751
28763
28767
28774
28794
28821
28840
28846
28855
28860
28870
28871
28898
28914
28915
28923
28929
28930
28950
28954
28956
28962
28976
29005
29046
29051
29057
29061
29091
29093
29103
29108
29128
29138
29141
29151
29179
29197
29212
29219
29220
29244
29251
29262
29263
29266
29272
29276
29308
29310
29314
29322
29341
29346
29356
29364
29371
29374
29390
29405
29415
29416
29420
29446
29456
29459
29474
29489
29493
29506
29526
29541
29567
29612
29616
29622
29676
29680
29697
29705
29706
29715
29731
29733
29734
29749
29763
29769
29795
29805
29830
29852
29866
29874
29875
29890
29895
29896
29915
29932
29939
29952
29961
29966
29968
29972
29974
29983
29992
29993
29996
30002
30006
30025
30028
30041
30057
30073
30077
30091
30116
30125
30127
30131
30141
30144
30150
30156
30176
30179
30187
30188
30229
30231
30234
30248
30254
30261
30267
30273
30275
30285
30290
30294
30300
30303
30306
30322
30344
30355
30359
30364
30367
30373
30430
30443
30445
30452
30477
30489
30495
30501
30507
30514
30522
30531
30548
30567
30588
30618
30628
30629
30635
30681
30685
30689
30690
30699
30723
30732
30733
30736
30739
30742
30746
30774
30780
30821
30828
30830
30844
30862
30865
30866
30909
30911
30923
30977
30986
30998
31000
31001
31013
31020
31043
31048
31055
31077
31079
31092
31094
31102
31105
31108
31109
31124
31131
31208
31223
31228
31229
31238
31249
31251
31272
31293
31311
31330
31338
31340
31343
31351
31354
31364
31377
31386
31388
31393
31399
31400
31412
31415
31417
31421
31423
31429
31437
31452
31499
31501
31528
31540
31544
31564
31569
31571
31585
31622
31626
31635
31662
31663
31676
31684
31690
31701
31717
31725
31741
31742
31756
31769
31784
31787
31788
31792
31804
31807
31812
31830
31832
31851
31856
31869
31871
31894
31897
31918
31931
31952
32006
32014
32015
32016
32030
32034
32038
32042
32043
32059
32071
32084
32087
32093
32109
32126
32183
32196
32241
32245
32295
32305
32306
32307
32309
32310
32318
32327
32328
32358
32363
32367
32399
32405
32408
32417
32443
32444
32449
32464
32478
32502
32527
32539
32542
32551
32564
32567
32584
32588
32591
32599
32604
32614
32616
32620
32625
32627
32630
32666
32676
32682
32683
32684
32713
32745
32755
32758
32761
32762
32779
32780
32781
32782
32795
32831
32845
32864
32879
32880
32899
32900
32915
32924
32929
32943
32959
32967
32969
32985
32987
32997
33015
33021
33025
33044
33050
33070
33086
33099
33134
33137
33139
33155
33178
33197
33202
33231
33232
33245
33247
33252
33254
33266
33275
33283
33286
33292
33313
33317
33318
33332
33343
33357
33362
33366
33369
33404
33424
33437
33442
33444
33451
33459
33472
33480
33487
33491
33492
33495
33498
33511
33512
33513
33521
33526
33535
33541
33548
33552
33576
33579
33599
33605
33612
33631
33633
33655
33721
33729
33743
33756
33758
33778
33785
33793
33795
33819
33827
33828
33830
33836
33839
33857
33868
33883
33889
33898
33902
33919
33924
33931
33936
33938
33939
33957
33962
33966
33967
33990
33997
33998
34000
34014
34035
34041
34046
34055
34062
34073
34080
34089
34091
34101
34113
34121
34125
34146
34148
34154
34155
34165
34207
34217
34225
34248
34258
34270
34273
34274
34291
34302
34316
34341
34346
34350
34351
34362
34379
34396
34397
34401
34405
34410
34430
34433
34451
34466
34475
34497
34524
34530
34539
34550
34552
34555
34565
34581
34626
34629
34630
34639
34646
34657
34658
34662
34663
34664
34667
34678
34685
34702
34716
34722
34727
34729
34732
34733
34764
34773
34783
34797
34814
34852
34855
34879
34880
34885
34909
34927
34936
34947
34956
34962
34967
35009
35033
35035
35047
35057
35067
35068
35075
35089
35094
35117
35124
35130
35135
35138
35149
35153
35161
35172
35180
35185
35199
35220
35221
35236
35239
35269
35277
35285
35290
35302
35313
35321
35326
35375
35377
35382
35390
35406
35411
35431
35452
35470
35487
35494
35501
35521
35522
35524
35539
35540
35543
35550
35554
35569
35570
35575
35587
35610
35645
35691
35712
35718
35726
35731
35747
35751
35767
35775
35786
35803
35812
35827
35829
35834
35858
35875
35878
35889
35911
35918
35940
35980
36016
36037
36070
36072
36087
36090
36094
36098
36102
36120
36126
36127
36181
36199
36200
36203
36218
36221
36242
36264
36265
36266
36280
36297
36310
36322
36342
36362
36367
36370
36379
36388
36390
36402
36425
36427
36437
36438
36450
36452
36460
36483
36484
36492
36493
36507
36508
36509
36515
36519
36524
36525
36526
36536
36538
36551
36568
36574
36598
36608
36625
36637
36639
36652
36655
36673
36679
36699
36702
36721
36736
36738
36746
36761
36792
36798
36801
36813
36821
36836
36854
36878
36883
36896
36919
36932
36935
36940
36943
36950
36959
36970
36982
36983
36987
36988
36998
36999
37004
37058
37060
37071
37074
37077
37081
37090
37092
37093
37108
37110
37111
37141
37148
37155
37173
37200
37208
37213
37236
37250
37268
37293
37315
37326
37328
37330
37342
37348
37353
37363
37364
37366
37372
37386
37396
37411
37419
37436
37437
37448
37463
37467
37477
37483
37486
37491
37504
37516
37518
37524
37555
37567
37571
37578
37587
37588
37591
37596
37611
37612
37623
37636
37645
37648
37649
37670
37676
37677
37683
37687
37688
37690
37692
37705
37732
37738
37744
37758
37771
37780
37788
37790
37792
37796
37801
37823
37824
37831
37844
37848
37849
37865
37871
37884
37905
37914
37921
37941
37955
37956
38009
38011
38024
38038
38063
38078
38120
38130
38134
38157
38170
38177
38180
38207
38220
38254
38263
38276
38277
38278
38300
38310
38312
38327
38335
38340
38342
38395
38424
38440
38460
38474
38482
38486
38510
38517
38519
38532
38547
38550
38572
38573
38576
38589
38613
38615
38627
38633
38636
38659
38660
38666
38681
38696
38718
38720
38731
38733
38735
38750
38751
38761
38802
38808
38819
38830
38832
38840
38848
38853
38871
38876
38882
38884
38895
38899
38912
38915
38925
38956
38995
39003
39007
39012
39014
39015
39021
39032
39033
39076
39083
39094
39100
39108
39112
39142
39154
39181
39184
39191
39194
39197
39200
39211
39213
39218
39228
39246
39254
39262
39279
39280
39288
39305
39307
39312
39340
39360
39361
39370
39403
39405
39414
39427
39433
39443
39470
39480
39483
39500
39515
39522
39538
39539
39544
39553
39578
39579
39590
39601
39633
39636
39642
39652
39661
39663
39665
39683
39687
39702
39705
39715
39720
39730
39738
39740
39747
39751
39765
39784
39787
39801
39830
39846
39852
39856
39857
39863
39865
39872
39876
39877
39878
39881
39894
39903
39911
39930
39931
39962
39963
39979
39992
39995
40004
40009
40053
40058
40076
40080
40087
40108
40122
40127
40132
40137
40138
40177
40179
40193
40198
40200
40202
40232
40264
40265
40273
40281
40289
40290
40294
40302
40308
40317
40320
40334
40355
40358
40366
40369
40370
40380
40392
40396
40405
40409
40412
40416
40419
40439
40508
40518
40520
40553
40556
40593
40602
40610
40625
40638
40645
40649
40654
40657
40670
40676
40689
40690
40716
40721
40724
40725
40726
40728
40735
40740
40743
40750
40751
40762
40771
40780
40787
40788
40791
40806
40809
40811
40832
40833
