41
113
118
143
229
257
259
260
340
350
364
379
388
390
443
502
510
526
592
639
690
692
695
714
716
749
768
769
820
828
903
910
962
968
983
1028
1106
1108
1118
1230
1265
1310
1315
1316
1362
1367
1406
1435
1464
1503
1559
1589
1597
1707
1725
1747
1850
2020
2112
2118
2148
2182
2266
2278
2359
2365
2366
2398
2451
2543
2604
2607
2632
2693
2740
2768
2798
2882
2883
2951
2956
3019
3053
3065
3114
3157
3190
3201
3205
3307
3373
3454
3493
3501
3544
3559
3567
3573
3577
3608
3616
3652
3672
3683
3729
3755
3771
3797
3959
3978
3997
4006
4007
4088
4137
4157
4184
4227
4232
4267
4335
4404
4405
4510
4534
4542
4556
4574
4600
4612
4679
4686
4696
4723
4740
4770
4785
4820
4893
5004
5018
5019
5065
5218
5253
5264
5378
5428
5444
5513
5545
5561
5580
5600
5602
5627
5629
5658
5687
5738
5773
5795
5929
5961
6008
6052
6103
6104
6120
6140
6146
6196
6215
6235
6238
6259
6308
6383
6386
6407
6421
6449
6511
6530
6547
6548
6549
6558
6564
6688
6699
6720
6734
6735
6738
6746
6757
6773
6776
6832
6854
6888
6889
6893
6903
6956
6963
7090
7110
7211
7241
7283
7347
7354
7380
7381
7407
7469
7482
7609
7635
7658
7694
7712
7729
7826
7829
7858
7960
8018
8032
8118
8176
8240
8290
8346
8347
8370
8378
8411
8432
8441
8457
8478
8524
8598
8621
8649
8660
8661
8810
8824
8855
8873
8889
8897
8900
8913
8927
8937
8947
8961
9002
9048
9052
9116
9140
9159
9184
9221
9230
9273
9278
9448
9452
9470
9472
9610
9655
9659
9661
9683
9720
9743
9752
9816
9837
9845
9867
9886
9892
9897
10087
10103
10110
10160
10178
10219
10292
10298
10313
10316
10382
10421
10469
10518
10535
10657
10702
10811
10848
10850
10859
10934
10945
10947
10955
10967
10986
11022
11026
11039
11040
11060
11069
11080
11148
11157
11185
11211
11214
11216
11227
11230
11237
11309
11315
11336
11350
11384
11460
11482
11512
11580
11594
11600
11623
11636
11714
11740
11763
11777
11781
11839
11847
11894
11909
11953
12005
12180
12224
12267
12283
12331
12364
12433
12476
12478
12643
12657
12671
12694
12728
12796
12835
12902
12927
12987
13039
13054
13086
13103
13208
13220
13234
13240
13255
13301
13329
13336
13354
13408
13424
13515
13527
13535
13552
13589
13592
13594
13637
13653
13657
13688
13696
13700
13707
13741
13797
13802
13840
13915
13996
14004
14016
14035
14086
14159
14219
14226
14249
14270
14279
14296
14345
14399
14525
14537
14558
14601
14618
14665
14720
14740
14754
14776
14794
14809
14875
14883
14923
14934
14940
14956
14965
14992
15045
15138
15199
15296
15315
15320
15417
15472
15486
15507
15528
15537
15546
15574
15580
15620
15688
15695
15711
15718
15740
15788
15801
15808
15833
15843
15855
15951
16026
16027
16126
16139
16158
16181
16230
16276
16348
16391
16466
16473
16525
16547
16665
16671
16690
16713
16731
16765
16794
16806
16974
16977
17015
17030
17034
17039
17096
17117
17126
17168
17169
17173
17221
17222
17230
17251
17274
17287
17288
17292
17305
17350
17507
17509
17521
17543
17570
17598
17646
17647
17665
17699
17727
17744
17817
17922
17981
18044
18067
18088
18167
18169
18255
18289
18291
18299
18301
18358
18362
18422
18449
18494
18510
18547
18581
18588
18593
18613
18735
18736
18759
18807
18832
18843
18890
18892
18950
18989
18997
19012
19041
19066
19099
19116
19148
19210
19236
19244
19246
19287
19288
19310
19313
19324
19332
19334
19428
19432
19467
19519
19538
19560
19694
19760
19803
19854
19857
19917
19928
19953
19955
20026
20100
20106
20121
20143
20186
20201
20208
20216
20241
20289
20360
20367
20380
20405
20414
20431
20516
20586
20638
20650
20666
20698
20861
20935
20951
20959
21067
21082
21125
21154
21348
21393
21452
21469
21504
21506
21519
21525
21527
21564
21585
21641
21662
21718
21775
21924
21970
22025
22088
22096
22160
22168
22197
22237
22238
22256
22271
22318
22320
22330
22347
22383
22386
22387
22407
22447
22460
22480
22499
22601
22609
22618
22679
22685
22695
22715
22725
22796
22812
22827
22852
22930
22945
23129
23158
23164
23235
23241
23302
23349
23351
23379
23399
23459
23472
23487
23499
23530
23578
23602
23604
23643
23652
23751
23763
23795
23829
23880
23961
23974
24046
24095
24150
24162
24179
24188
24214
24244
24252
24269
24270
24298
24301
24309
24337
24372
24443
24493
24526
24545
24555
24668
24670
24700
24941
24947
24953
25036
25053
25060
25094
25133
25150
25170
25180
25182
25225
25242
25250
25251
25276
25298
25336
25380
25382
25387
25391
25437
25447
25457
25459
25489
25523
25556
25589
25616
25623
25691
25699
25716
25717
25725
25804
25840
25864
25925
25942
25978
25979
25996
26003
26015
26020
26045
26102
26144
26189
26232
26247
26304
26312
26317
26320
26334
26350
26351
26356
26370
26380
26477
26490
26511
26524
26534
26549
26570
26573
26736
26820
26938
26968
27102
27165
27218
27234
27304
27332
27360
27362
27366
27368
27392
27406
27415
27426
27435
27471
27491
27492
27499
27578
27602
27608
27613
27652
27721
27745
27834
27884
27906
27907
27962
27999
28021
28031
28074
28134
28147
28199
28262
28276
28283
28287
28363
28374
28419
28445
28480
28636
28659
28692
28841
28850
28854
28901
28945
29018
29055
29173
29183
29199
29207
29279
29303
29306
29330
29407
29433
29440
29460
29469
29477
29491
29512
29537
29569
29572
29611
29727
29770
29819
29863
29903
29998
30003
30044
30067
30070
30121
30130
30178
30242
30272
30309
30379
30380
30385
30389
30391
30467
30479
30511
30517
30545
30563
30606
30607
30626
30659
30667
30684
30798
30813
30903
30941
31045
31093
31176
31177
31203
31250
31266
31379
31402
31434
31439
31449
31475
31485
31486
31589
31604
31607
31630
31638
31727
31781
31790
31805
31815
31859
31889
31898
31905
31910
31964
31990
32018
32045
32052
32068
32096
32232
32243
32282
32324
32421
32461
32612
32626
32641
32719
32732
32747
32759
32760
32786
32801
32806
32842
32865
32932
32970
32983
32993
33008
33034
33068
33093
33095
33098
33111
33199
33205
33230
33243
33258
33325
33327
33365
33379
33385
33407
33421
33466
33485
33488
33499
33501
33568
33616
33619
33683
33770
33812
33850
33872
33888
33892
33895
33896
33970
33986
34029
34034
34037
34074
34090
34108
34150
34178
34187
34206
34227
34237
34247
34278
34281
34290
34327
34474
34498
34500
34505
34526
34618
34635
34691
34724
34753
34806
34868
34871
34881
34894
34928
34939
34945
35051
35065
35137
35179
35231
35232
35282
35295
35317
35471
35497
35525
35530
35555
35581
35591
35594
35607
35660
35678
35682
35696
35737
35782
35805
35818
35881
35928
35937
35952
35960
35981
36052
36091
36113
36168
36231
36290
36333
36348
36386
36410
36432
36435
36485
36630
36661
36671
36741
36755
36808
36858
36881
36890
36942
36951
36976
37035
37040
37079
37113
37270
37274
37292
37346
37387
37410
37424
37452
37465
37529
37564
37597
37672
37783
37797
37860
37864
37911
37952
38059
38061
38083
38118
38124
38146
38153
38191
38224
38238
38251
38271
38296
38308
38315
38341
38383
38479
38560
38620
38697
38732
38742
38753
38760
38773
38776
38797
38814
38817
38828
38905
38924
38954
38965
38977
38984
39058
39210
39232
39243
39271
39321
39353
39369
39378
39389
39398
39439
39445
39467
39477
39511
39540
39547
39562
39582
39602
39621
39670
39752
39777
39792
39869
39870
39886
39944
39964
39975
40061
40086
40097
40124
40166
40228
40243
40251
40352
40362
40398
40417
40433
40437
40499
40535
40538
40577
40588
40661
40685
40744
40794
40851
40853
