35
46
89
154
184
235
243
271
332
336
344
374
383
425
438
439
462
547
583
585
654
732
737
758
831
841
844
858
866
939
945
955
990
1019
1087
1128
1247
1249
1274
1298
1314
1322
1343
1389
1414
1424
1428
1452
1498
1515
1523
1525
1533
1561
1612
1750
1927
2028
2056
2090
2120
2128
2249
2304
2330
2342
2371
2420
2470
2508
2516
2528
2530
2569
2735
2752
2773
2779
2781
2786
2829
2890
2910
2999
3096
3155
3164
3172
3219
3227
3288
3292
3320
3357
3389
3404
3406
3414
3435
3439
3492
3530
3601
3622
3639
3643
3667
3668
3742
3807
3829
3843
3864
4005
4014
4046
4069
4071
4076
4086
4169
4177
4181
4196
4207
4217
4237
4258
4305
4352
4396
4412
4445
4457
4466
4494
4512
4564
4591
4593
4658
4659
4663
4691
4757
4809
4867
4925
4926
4948
4998
5023
5060
5191
5200
5307
5323
5347
5367
5370
5398
5409
5485
5510
5557
5639
5674
5693
5721
5737
5767
5810
5814
5836
5861
5989
6070
6097
6149
6161
6281
6303
6372
6403
6442
6457
6483
6528
6626
6703
6718
6770
6818
6837
6863
6880
6918
6952
6984
6996
7009
7019
7046
7054
7102
7113
7134
7139
7229
7249
7312
7417
7438
7454
7476
7512
7541
7542
7621
7684
7731
7737
7753
7766
7786
7818
7881
8058
8084
8114
8140
8194
8306
8351
8468
8493
8527
8596
8668
8693
8702
8705
8776
8804
8817
8826
8883
8962
8982
9062
9069
9070
9135
9185
9197
9235
9288
9289
9322
9343
9498
9502
9529
9539
9595
9637
9665
9690
9700
9790
9884
9933
9989
10029
10069
10176
10202
10225
10347
10391
10399
10407
10437
10474
10479
10512
10514
10553
10561
10601
10607
10662
10691
10754
10790
10835
10884
10891
10952
10953
11009
11031
11076
11137
11179
11232
11249
11282
11284
11323
11354
11357
11366
11400
11531
11667
11687
11720
11729
11751
11849
11860
11884
11933
11948
11970
11992
12034
12058
12105
12119
12231
12253
12367
12398
12442
12449
12484
12511
12548
12563
12587
12596
12602
12608
12611
12660
12662
12682
12697
12720
12722
12738
12758
12792
12808
12834
12894
13073
13076
13116
13147
13200
13205
13227
13262
13281
13331
13352
13368
13398
13407
13455
13463
13467
13487
13489
13502
13511
13520
13524
13602
13631
13654
13678
13712
13806
13812
13814
13828
13838
13842
13848
13896
13909
14011
14030
14087
14131
14202
14230
14304
14310
14320
14388
14464
14470
14474
14485
14506
14656
14698
14702
14741
14840
14854
15022
15077
15142
15206
15255
15257
15260
15283
15327
15328
15343
15360
15401
15597
15627
15665
15752
15753
15780
15796
15799
15803
15845
15851
15854
15871
15892
15927
15988
16050
16086
16131
16148
16179
16188
16216
16233
16277
16291
16336
16409
16422
16435
16437
16468
16476
16502
16518
16575
16631
16660
16678
16692
16771
16804
16805
16936
16937
16950
16954
17004
17024
17051
17118
17120
17133
17154
17159
17177
17179
17212
17271
17314
17330
17363
17368
17405
17425
17484
17485
17497
17587
17662
17700
17713
17757
17829
17888
17925
17936
17941
17952
18001
18019
18043
18081
18082
18094
18107
18110
18116
18184
18205
18230
18285
18308
18346
18374
18377
18391
18418
18439
18480
18499
18564
18567
18572
18616
18621
18673
18705
18809
18858
18934
19013
19030
19038
19069
19085
19090
19106
19129
19136
19152
19188
19208
19279
19308
19375
19381
19406
19437
19457
19485
19610
19656
19688
19696
19724
19754
19806
19848
19850
19864
19876
19933
19980
20041
20052
20074
20089
20120
20139
20215
20236
20265
20270
20280
20307
20358
20370
20381
20402
20403
20449
20455
20468
20479
20531
20538
20574
20661
20663
20667
20696
20708
20740
20748
20846
20851
20866
20900
20911
20923
20952
21018
21160
21261
21313
21371
21425
21431
21493
21524
21556
21654
21780
21810
21874
22001
22027
22031
22041
22044
22059
22119
22123
22178
22195
22205
22222
22278
22287
22307
22420
22430
22436
22459
22466
22484
22574
22621
22637
22657
22707
22735
22773
22849
22851
23036
23073
23077
23160
23172
23174
23211
23212
23234
23270
23276
23281
23307
23333
23421
23473
23484
23489
23501
23599
23644
23672
23693
23709
23745
23759
23780
23783
23785
23862
23864
23868
23874
23959
24016
24067
24123
24142
24155
24160
24172
24237
24254
24263
24283
24328
24364
24382
24393
24403
24411
24482
24510
24517
24538
24556
24604
24639
24832
24841
24873
24936
24938
24949
25012
25027
25059
25113
25144
25161
25216
25231
25295
25350
25357
25381
25450
25503
25604
25611
25615
25617
25625
25645
25649
25764
25784
25785
25833
25891
25906
25950
25995
26078
26098
26115
26126
26154
26179
26226
26272
26324
26326
26345
26429
26439
26441
26457
26506
26508
26564
26639
26649
26653
26677
26711
26716
26717
26772
26804
26817
26828
26843
26905
26973
27001
27014
27027
27045
27101
27126
27131
27139
27208
27251
27303
27401
27423
27433
27468
27531
27539
27542
27566
27576
27607
27619
27676
27678
27704
27733
27739
27743
27747
27753
27759
27785
27816
27855
27880
27895
27923
28069
28252
28261
28307
28355
28358
28383
28420
28430
28448
28455
28462
28532
28576
28585
28610
28651
28666
28679
28700
28708
28716
28741
28885
28900
28929
28935
28950
28987
29062
29084
29095
29098
29103
29134
29188
29252
29296
29318
29346
29364
29366
29368
29474
29482
29509
29564
29697
29734
29861
29866
29906
29926
29981
29983
30001
30002
30076
30126
30129
30179
30248
30277
30282
30296
30340
30355
30373
30383
30429
30473
30547
30649
30680
30690
30714
30730
30733
30736
30739
30779
30820
30833
30923
30927
30956
30963
30973
31048
31054
31082
31094
31109
31113
31123
31126
31131
31160
31191
31228
31229
31232
31259
31264
31298
31310
31337
31340
31361
31371
31386
31412
31421
31431
31472
31582
31653
31701
31734
31756
31757
31886
31897
32014
32047
32102
32109
32157
32186
32198
32309
32314
32328
32364
32390
32444
32515
32564
32596
32666
32667
32682
32779
32794
32863
32868
32962
32968
32997
33042
33073
33077
33090
33116
33149
33226
33283
33287
33369
33423
33443
33469
33483
33500
33612
33631
33644
33660
33692
33720
33731
33743
33763
33771
33828
33848
33939
33942
33957
33958
33966
33967
33993
34062
34101
34103
34104
34134
34138
34176
34291
34295
34344
34365
34388
34421
34453
34461
34466
34530
34572
34625
34639
34674
34675
34678
34722
34725
34732
34764
34774
34852
34857
34943
34983
34991
35008
35047
35092
35126
35172
35208
35258
35348
35381
35382
35440
35452
35529
35540
35561
35569
35575
35587
35620
35627
35644
35655
35659
35687
35742
35744
35785
35813
35832
35896
35940
35950
35980
36027
36126
36146
36210
36221
36367
36379
36391
36438
36452
36454
36475
36496
36524
36525
36531
36534
36590
36600
36694
36745
36805
36850
36865
36919
36954
37030
37058
37060
37063
37081
37087
37091
37092
37094
37120
37136
37146
37147
37173
37202
37225
37296
37328
37351
37367
37378
37388
37467
37470
37591
37608
37673
37677
37681
37705
37732
37758
37798
37845
37905
37944
37947
38204
38223
38261
38278
38311
38316
38337
38338
38400
38511
38562
38576
38602
38663
38733
38759
38819
38831
38840
38912
38978
39012
39053
39086
39159
39168
39384
39402
39416
39424
39502
39542
39559
39578
39604
39667
39674
39682
39701
39719
39738
39749
39774
39813
39825
39826
39910
39913
39922
39930
39941
39962
40003
40099
40108
40163
40247
40269
40289
40290
40311
40315
40358
40361
40363
40369
40378
40411
40460
40539
40585
40589
40592
40633
40740
40754
40760
40766
40771
40806
40832
