44
54
58
63
92
174
246
261
315
341
464
527
562
710
726
746
748
845
848
853
862
909
942
965
974
977
1000
1011
1033
1034
1037
1058
1066
1077
1147
1195
1205
1209
1248
1251
1331
1342
1366
1417
1521
1539
1575
1580
1610
1630
1652
1698
1710
1758
1791
1876
1884
1917
1936
1947
1953
1960
1980
1990
2026
2033
2080
2156
2157
2203
2283
2285
2320
2381
2383
2401
2404
2407
2411
2457
2511
2619
2639
2676
2691
2749
2777
2788
2833
2869
2922
2939
2945
2949
2963
2984
3049
3090
3098
3104
3110
3134
3151
3193
3262
3308
3340
3359
3448
3460
3505
3653
3671
3691
3711
3745
3748
3799
3875
4013
4030
4057
4072
4172
4225
4238
4244
4297
4339
4408
4414
4525
4552
4596
4630
4634
4733
4747
4779
4781
4830
4854
4901
4952
4967
4968
4977
4983
5053
5117
5133
5192
5244
5259
5286
5414
5481
5553
5554
5556
5566
5576
5625
5630
5667
5800
5854
5887
5934
5948
5955
5966
5968
6069
6071
6127
6139
6175
6212
6290
6324
6358
6411
6436
6438
6599
6660
6667
6784
6816
6822
6827
6843
6887
6954
7057
7063
7088
7089
7129
7130
7145
7148
7160
7180
7190
7224
7242
7305
7328
7343
7386
7399
7406
7411
7450
7563
7598
7616
7632
7644
7648
7680
7791
7815
7879
7902
7905
7972
7977
8040
8045
8071
8089
8153
8241
8262
8270
8277
8315
8316
8321
8368
8375
8379
8407
8434
8451
8483
8592
8629
8652
8727
8735
8738
8754
8867
8926
8928
8931
8933
8955
8999
9028
9031
9063
9064
9067
9088
9113
9132
9204
9246
9315
9325
9344
9366
9368
9454
9469
9475
9487
9492
9509
9510
9537
9547
9559
9565
9590
9599
9622
9623
9680
9745
9757
9765
9784
9810
9848
9936
9940
9975
9986
9988
9996
10018
10026
10030
10042
10043
10163
10206
10209
10230
10240
10291
10312
10315
10342
10442
10457
10461
10489
10491
10502
10506
10507
10517
10613
10628
10663
10665
10669
10715
10749
10765
10844
10852
10922
10935
10936
10941
10961
11001
11010
11044
11074
11088
11165
11241
11244
11383
11440
11446
11463
11481
11522
11560
11576
11605
11615
11712
11730
11878
11977
11994
12007
12022
12060
12068
12069
12135
12155
12222
12273
12335
12339
12423
12424
12454
12456
12464
12495
12523
12552
12557
12567
12588
12652
12683
12701
12777
12803
12881
12907
12913
12931
12953
13022
13139
13150
13165
13168
13176
13217
13295
13323
13363
13446
13473
13544
13568
13574
13601
13610
13636
13656
13662
13685
13719
13727
13753
13783
13817
13861
13892
13947
14010
14045
14107
14124
14127
14155
14167
14355
14369
14443
14456
14459
14489
14523
14543
14549
14575
14576
14579
14598
14655
14691
14695
14700
14787
14847
14866
14909
14933
14951
15057
15100
15111
15150
15155
15167
15171
15182
15201
15242
15287
15307
15346
15358
15379
15393
15406
15414
15438
15440
15478
15506
15519
15540
15555
15577
15609
15617
15633
15642
15644
15657
15689
15778
15791
15831
15862
15864
15868
15874
15949
15960
15979
16003
16155
16246
16251
16257
16295
16307
16321
16332
16364
16447
16460
16505
16537
16558
16608
16658
16700
16703
16708
16728
16730
16738
16748
16753
16766
16778
16843
16866
16885
16889
16991
16998
17021
17082
17093
17178
17196
17338
17366
17378
17436
17471
17536
17553
17639
17645
17648
17650
17680
17686
17705
17709
17715
17752
17759
17825
17832
17842
17867
17873
17907
17976
18029
18033
18092
18112
18198
18206
18250
18342
18451
18475
18513
18516
18550
18563
18631
18675
18689
18785
18837
18868
18883
18900
18929
19020
19021
19109
19174
19181
19193
19238
19303
19342
19363
19452
19461
19518
19558
19602
19632
19692
19719
19726
19785
19835
19867
19882
19883
19897
19926
19973
19996
20008
20053
20059
20067
20072
20101
20160
20209
20213
20227
20234
20323
20373
20399
20410
20456
20560
20580
20584
20610
20623
20648
20685
20710
20763
20781
20794
20795
20839
20865
20867
20885
20970
20993
21002
21006
21035
21050
21145
21163
21187
21233
21262
21400
21415
21453
21565
21567
21582
21596
21617
21656
21668
21757
21761
21838
21907
21956
21979
22010
22026
22081
22083
22093
22103
22133
22135
22145
22175
22186
22209
22229
22265
22301
22359
22367
22449
22473
22474
22477
22530
22581
22608
22641
22664
22684
22714
22762
22844
22925
22949
22983
23011
23035
23050
23088
23286
23323
23342
23343
23375
23559
23605
23623
23649
23706
23754
23775
23797
23811
23841
23870
23896
23910
23918
23922
23927
23953
24018
24026
24028
24035
24041
24063
24158
24191
24195
24220
24293
24343
24352
24356
24366
24399
24423
24501
24550
24572
24581
24590
24594
24621
24641
24651
24702
24720
24727
24781
24785
24895
24920
24962
25017
25075
25139
25189
25260
25264
25320
25359
25398
25426
25530
25552
25558
25671
25713
25734
25821
25847
25859
25923
25954
26071
26076
26090
26143
26150
26190
26382
26400
26405
26416
26421
26435
26486
26548
26607
26641
26753
26809
26868
26883
26885
26893
26915
26934
26948
26956
26970
26983
26990
27087
27099
27159
27166
27173
27237
27241
27305
27316
27321
27413
27456
27527
27550
27564
27575
27662
27675
27692
27722
27727
27729
27846
27871
27942
27957
28054
28183
28221
28246
28311
28312
28318
28335
28350
28360
28364
28367
28402
28410
28461
28549
28625
28642
28649
28714
28732
28745
28778
28864
28868
28873
28887
28948
28981
28999
29027
29045
29063
29081
29086
29107
29117
29162
29175
29176
29230
29247
29273
29280
29414
29432
29461
29480
29532
29584
29681
29694
29699
29701
29724
29726
29730
29779
29811
29813
29832
29845
29883
29897
29930
29955
29978
30005
30039
30052
30104
30149
30170
30190
30220
30247
30268
30320
30374
30387
30402
30408
30455
30476
30527
30557
30562
30570
30601
30638
30642
30654
30720
30735
30809
30817
30878
30897
30934
30940
31016
31042
31050
31064
31158
31234
31323
31363
31368
31416
31425
31458
31470
31476
31615
31642
31644
31645
31669
31689
31730
31753
31770
31853
31861
31868
31883
31906
31943
31954
31979
32036
32051
32055
32086
32149
32206
32256
32271
32275
32284
32298
32345
32350
32369
32434
32442
32487
32491
32518
32523
32530
32552
32632
32687
32694
32700
32701
32737
32770
32834
32859
32877
32887
32889
32901
32980
32992
33011
33014
33040
33057
33060
33085
33169
33234
33249
33289
33378
33393
33400
33416
33573
33575
33606
33628
33641
33646
33674
33679
33684
33689
33725
33744
33764
33816
33867
33897
33904
33940
33952
33959
33992
34002
34021
34025
34127
34253
34276
34282
34380
34381
34395
34427
34465
34479
34557
34575
34709
34803
34815
34862
34906
34960
34979
34982
35044
35076
35082
35143
35164
35171
35204
35217
35241
35250
35363
35367
35384
35395
35437
35455
35468
35514
35536
35576
35585
35603
35605
35714
35733
35753
35765
35804
35867
35869
35886
35905
35913
35919
35959
35975
36004
36006
36038
36046
36067
36079
36110
36114
36144
36156
36158
36205
36216
36224
36254
36301
36513
36560
36571
36669
36696
36701
36717
36739
36747
36758
36818
36823
36874
36903
36917
36924
36977
36992
37008
37025
37150
37177
37191
37203
37291
37319
37531
37532
37600
37618
37646
37684
37721
37731
37743
37746
37784
37843
37863
37954
37967
37977
37989
37991
37999
38026
38035
38111
38149
38265
38314
38379
38385
38387
38389
38451
38464
38563
38610
38623
38647
38648
38683
38694
38715
38771
38837
38907
38951
38990
39043
39046
39057
39070
39143
39170
39179
39216
39229
39255
39260
39284
39299
39343
39486
39510
39521
39530
39588
39609
39651
39709
39726
39803
39961
40011
40017
40031
40040
40041
40055
40095
40104
40123
40172
40182
40208
40236
40286
40339
40341
40454
40500
40526
40528
40544
40546
40552
40584
40596
40608
40614
40619
40652
40675
40697
40709
40714
40719
40722
40731
40807
40821
40847
40850
