17
147
178
215
371
387
427
436
453
509
569
675
1007
1023
1164
1233
1237
1245
1356
1377
1405
1431
1627
1639
1678
1719
1726
1763
1807
1923
1995
2025
2122
2155
2171
2248
2250
2298
2372
2375
2382
2392
2447
2479
2652
2670
2713
2795
2916
2923
2997
3041
3084
3139
3140
3163
3166
3236
3243
3316
3327
3329
3353
3425
3431
3453
3473
3484
3504
3515
3541
3596
3625
3638
3641
3663
3770
3814
3842
3888
3982
4093
4101
4105
4116
4122
4146
4159
4183
4261
4263
4350
4379
4390
4458
4610
4614
4743
4840
4909
4942
4948
4969
4974
4996
5031
5040
5100
5127
5145
5220
5224
5277
5397
5432
5476
5540
5622
5659
5682
5691
5710
5740
5744
5776
5778
5809
5827
5863
5899
6068
6091
6094
6154
6200
6239
6245
6253
6336
6342
6430
6439
6448
6497
6510
6596
6674
6681
6761
6783
6808
6823
6858
6905
6957
7083
7128
7166
7170
7181
7183
7225
7274
7285
7316
7333
7367
7382
7387
7405
7427
7451
7509
7511
7520
7532
7539
7560
7587
7638
7669
7723
7833
7861
7869
7895
7911
7938
7939
7967
8070
8094
8114
8283
8329
8440
8501
8513
8549
8711
8752
8806
8838
8861
8874
8895
9208
9217
9254
9289
9357
9431
9464
9471
9506
9551
9564
9567
9609
9636
9707
9715
9777
9872
9915
9971
9997
10036
10078
10084
10104
10162
10251
10276
10324
10384
10411
10468
10504
10520
10543
10630
10632
10683
10710
10712
10766
10812
10814
10904
10915
10966
11056
11077
11108
11155
11192
11310
11317
11341
11396
11414
11434
11649
11691
11695
11725
11735
11765
11794
11986
12019
12028
12042
12134
12173
12185
12210
12223
12233
12293
12306
12311
12314
12347
12382
12399
12434
12448
12501
12518
12533
12536
12556
12667
12736
12740
12753
12765
12767
12813
12845
12866
12889
12896
12968
12970
13035
13057
13102
13144
13157
13296
13315
13322
13339
13400
13450
13556
13621
13643
13695
13704
13716
13729
13736
13750
13755
13773
13791
13873
13885
13967
13982
14049
14128
14140
14185
14203
14259
14277
14332
14429
14464
14477
14486
14506
14683
14715
14718
14725
14744
14747
14837
14849
14876
14968
15017
15112
15127
15298
15302
15388
15466
15477
15560
15610
15632
15702
15782
15799
15885
15906
16022
16080
16100
16193
16283
16287
16344
16432
16436
16446
16533
16556
16679
16774
16845
16875
16894
16965
16975
17022
17086
17106
17119
17253
17322
17324
17370
17381
17438
17512
17541
17557
17591
17714
17824
17835
17854
17881
17920
17974
17995
18003
18063
18095
18137
18263
18278
18283
18292
18302
18322
18366
18414
18481
18637
18676
18724
18746
18844
18913
18925
18960
18965
19040
19054
19062
19113
19168
19186
19200
19204
19220
19259
19366
19395
19502
19515
19517
19688
19751
19874
19925
19948
19966
20050
20120
20140
20155
20265
20277
20317
20363
20403
20408
20490
20508
20510
20536
20637
20651
20676
20793
20879
20978
21052
21139
21152
21211
21241
21256
21259
21344
21349
21372
21378
21386
21430
21489
21542
21544
21568
21587
21630
21681
21691
21732
21755
21762
21765
21797
21819
21858
21905
21917
21958
21959
21974
21988
22067
22076
22143
22195
22306
22343
22364
22442
22489
22524
22640
22651
22668
22738
22740
22749
22904
22922
22955
22969
23019
23124
23127
23146
23184
23186
23223
23327
23330
23445
23490
23516
23689
23699
23718
23720
23771
23813
23857
23969
23981
24036
24087
24100
24152
24161
24175
24230
24233
24247
24251
24334
24420
24456
24617
24632
24664
24694
24732
24772
24774
24848
24854
24869
24890
24905
24916
24932
24992
25001
25003
25007
25061
25104
25122
25127
25233
25273
25285
25423
25508
25631
25657
25672
25702
25774
25818
25941
25948
26014
26128
26217
26251
26361
26447
26454
26466
26514
26543
26562
26563
26565
26572
26590
26597
26661
26684
26752
26804
26967
26982
27174
27192
27193
27214
27243
27262
27306
27376
27411
27436
27524
27551
27584
27631
27638
27730
27796
27878
27952
28071
28188
28279
28308
28310
28466
28507
28517
28614
28667
28771
28842
28876
28947
28966
29049
29097
29140
29192
29232
29260
29355
29391
29451
29505
29534
29700
29708
29718
29748
29755
29766
29792
29843
29849
29864
29922
29971
30071
30128
30200
30208
30219
30248
30287
30312
30329
30330
30397
30422
30426
30478
30496
30519
30541
30560
30715
30724
30756
30772
30787
30879
30913
30966
31017
31018
31219
31256
31258
31376
31389
31501
31513
31580
31599
31648
31739
31766
31793
31855
31938
32012
32117
32121
32173
32187
32201
32204
32238
32254
32300
32543
32553
32560
32608
32757
32792
32828
32909
33002
33117
33120
33129
33168
33185
33190
33265
33344
33387
33391
33411
33457
33506
33578
33591
33621
33663
33664
33667
33688
33700
33712
33733
33773
33774
33846
33928
33932
33948
34032
34124
34151
34202
34283
34331
34445
34578
34609
34659
34696
34738
34763
34786
34796
34846
34888
34912
34914
34937
34951
34976
34984
35003
35011
35043
35055
35213
35252
35280
35320
35389
35404
35428
35499
35572
35588
35704
35705
35724
35816
35845
35944
35972
35982
36015
36057
36068
36130
36141
36143
36204
36249
36273
36279
36315
36467
36543
36544
36550
36587
36601
36614
36666
36771
36773
36815
36856
36869
36870
36888
36980
37017
37082
37106
37139
37140
37145
37233
37244
37252
37263
37271
37337
37380
37460
37495
37498
37602
37628
37647
37669
37680
37808
37809
37828
37877
37910
37937
37953
38022
38028
38043
38106
38136
38145
38154
38172
38229
38236
38246
38313
38497
38515
38569
38577
38612
38618
38650
38668
38680
38752
38757
38778
38779
38888
39072
39120
39183
39186
39190
39225
39238
39404
39536
39568
39584
39638
39668
39686
39769
39806
39823
39925
39990
40024
40035
40046
40082
40113
40120
40173
40207
40209
40214
40290
40299
40349
40354
40404
40414
40510
40611
40653
40695
40715
40729
40835
