15
57
96
139
189
221
232
292
296
306
331
333
398
518
573
586
616
662
663
718
722
742
747
782
803
807
824
835
894
901
984
1041
1091
1098
1113
1151
1162
1203
1210
1216
1282
1291
1296
1423
1437
1438
1455
1502
1546
1650
1653
1751
1801
1811
1938
1946
1959
1977
1993
1998
2024
2143
2233
2274
2312
2337
2389
2436
2468
2498
2510
2521
2598
2616
2668
2776
3066
3116
3122
3159
3233
3245
3303
3331
3393
3465
3482
3535
3564
3632
3757
3848
3960
3984
4037
4038
4058
4138
4180
4266
4295
4309
4376
4394
4449
4500
4545
4549
4573
4688
4726
4738
4741
4821
4877
5006
5112
5154
5157
5226
5240
5258
5309
5396
5435
5480
5647
5706
5764
5822
5828
5882
5907
5930
5954
6036
6113
6114
6118
6174
6193
6195
6208
6254
6317
6335
6338
6398
6506
6600
6695
6696
6700
6779
6875
6958
7008
7073
7076
7078
7206
7219
7237
7299
7332
7425
7530
7537
7573
7642
7708
7784
7800
7958
7976
8012
8049
8309
8410
8439
8519
8560
8637
8674
8688
8724
8746
8768
8774
9051
9094
9186
9206
9266
9347
9398
9441
9442
9569
9600
9614
9668
9670
9723
9735
9751
9767
9789
9805
9814
9836
9903
9906
9917
9918
10004
10024
10049
10064
10102
10182
10193
10245
10295
10425
10505
10631
10652
10661
10682
10693
10719
10730
10779
10842
10902
10911
10985
11036
11055
11140
11167
11302
11339
11418
11429
11477
11523
11543
11602
11688
11703
11896
11900
11918
11966
11974
12139
12183
12305
12422
12447
12461
12526
12527
12528
12606
12607
12797
12958
12994
13009
13032
13059
13113
13156
13228
13257
13263
13342
13373
13389
13488
13530
13541
13625
13669
13850
13897
13980
13987
14026
14097
14106
14184
14298
14359
14529
14622
14775
14777
14789
14864
14896
15018
15033
15051
15147
15216
15217
15218
15271
15285
15288
15336
15400
15425
15458
15463
15490
15497
15509
15541
15552
15640
15674
15747
15754
15755
15770
15821
15838
15898
15930
15932
15933
15939
16011
16049
16115
16326
16449
16621
16645
16676
16798
16803
16896
16943
17005
17009
17032
17062
17065
17083
17091
17116
17122
17167
17171
17197
17217
17237
17238
17272
17391
17408
17462
17494
17516
17734
17739
17753
17788
17870
17879
17902
17911
17915
18026
18027
18047
18072
18077
18096
18140
18161
18164
18296
18300
18304
18438
18489
18493
18505
18535
18626
18664
18704
18715
18721
18768
18811
18848
19005
19034
19047
19053
19057
19078
19142
19153
19171
19267
19351
19466
19486
19580
19581
19620
19780
19789
19792
19800
19815
19821
19843
19871
20095
20165
20302
20319
20322
20342
20374
20415
20592
20627
20641
20647
20695
20714
20738
20784
20800
20845
20859
20883
20892
20954
20965
21034
21104
21113
21246
21252
21370
21381
21407
21471
21646
21676
21695
21738
21808
21833
21839
21901
22192
22236
22276
22300
22408
22414
22585
22732
22784
22842
22859
22885
22900
22924
22977
23007
23026
23085
23141
23145
23229
23236
23278
23344
23477
23521
23574
23603
23615
23670
23676
23769
23866
23881
23891
23902
24004
24086
24112
24275
24294
24327
24406
24417
24525
24536
24548
24549
24574
24611
24645
24745
24780
24797
24826
24833
24842
24886
24909
24926
24942
24945
24958
25032
25033
25034
25039
25043
25096
25125
25134
25171
25232
25282
25288
25317
25319
25385
25446
25560
25614
25719
25750
25778
25851
25902
25991
26062
26101
26108
26125
26142
26212
26220
26283
26327
26332
26333
26383
26568
26616
26638
26672
26699
26769
26781
26815
26838
26859
26922
27034
27050
27059
27064
27124
27191
27267
27320
27429
27462
27470
27555
27570
27573
27875
27883
27904
27958
27968
27989
27997
28047
28064
28187
28224
28227
28251
28292
28389
28436
28538
28574
28623
28847
28858
28862
28886
28922
28934
28972
28986
29012
29032
29072
29083
29125
29156
29191
29236
29271
29444
29466
29504
29592
29636
29639
29643
29719
29753
29761
29777
29790
29817
29822
29985
30021
30034
30078
30095
30159
30185
30316
30324
30325
30401
30440
30450
30458
30576
30641
30668
30727
30745
30797
31012
31023
31035
31075
31100
31127
31215
31242
31244
31288
31304
31384
31390
31451
31481
31496
31536
31537
31574
31646
31679
31696
31802
31826
31895
31989
32079
32088
32110
32129
32175
32213
32219
32262
32366
32370
32411
32420
32424
32473
32497
32513
32657
32673
32685
32712
32764
32809
32811
32813
32816
32892
32897
32960
33069
33163
33176
33187
33189
33321
33372
33452
33475
33566
33643
33792
33923
33927
34100
34200
34243
34309
34389
34563
34576
34620
34661
34693
34703
34719
34819
34882
34898
34940
34977
34994
35013
35086
35088
35123
35159
35177
35253
35271
35294
35448
35459
35478
35484
35560
35565
35567
35613
35616
35716
35797
35902
35945
35956
35973
36009
36033
36069
36164
36171
36417
36488
36514
36523
36545
36576
36579
36627
36646
36686
36706
36764
36777
36780
36882
36900
37099
37143
37249
37308
37345
37397
37469
37573
37594
37695
37806
37825
37919
37950
38091
38209
38363
38374
38434
38652
38704
38810
38826
38868
38878
38945
39017
39045
39081
39114
39129
39153
39221
39245
39316
39374
39488
39532
39564
39593
39599
39617
39711
39772
39795
39819
39883
40015
40032
40048
40085
40119
40133
40275
40322
40555
40747
40852
