372
477
559
635
680
834
845
900
914
1050
1110
1200
1341
1378
1416
1470
1529
1578
1591
1628
1679
1708
1872
2027
2033
2042
2079
2405
2485
2503
2514
2552
2577
2678
2688
2699
2709
2792
2799
2852
2969
2984
3039
3057
3173
3179
3247
3267
3284
3354
3488
3537
3548
3611
3810
3893
3986
4060
4085
4235
4292
4330
4554
4575
4579
4603
4742
4839
5073
5135
5259
5260
5283
5289
5385
5400
5462
5681
5846
5900
5956
6057
6082
6221
6356
6369
6464
6501
6666
6793
6947
6954
7070
7107
7131
7169
7245
7692
7749
7763
7836
7924
8092
8184
8362
8397
8421
8464
8496
8526
8707
8784
8788
8864
8870
8943
8989
9010
9123
9232
9349
9429
9766
9792
9937
9941
10125
10179
10340
10386
10486
10519
10530
10550
10567
10700
10732
10865
10903
10957
11016
11116
11200
11246
11275
11305
11374
11572
11648
12143
12394
12507
12769
13028
13043
13065
13079
13525
13533
13536
13614
13807
13813
13874
14006
14056
14129
14137
14181
14443
14553
14636
14843
14963
15163
15179
15295
15333
15440
15622
15643
15662
15947
15984
16004
16240
16413
16538
16552
16558
16663
16699
16728
16797
16861
16908
16916
16997
17020
17041
17209
17232
17347
17402
17465
17536
17565
17671
17719
17735
17947
18282
18461
18592
18806
18865
19032
19161
19250
19297
19384
19386
19418
19426
19585
19600
19677
19692
19715
19898
19983
20059
20175
20567
20580
20617
20639
20964
21118
21155
21158
21334
21422
21552
21570
21649
21684
21689
21748
22087
22184
22232
22268
22370
22396
22423
22427
22469
22556
22589
22599
22647
22648
22680
22847
22950
22951
22956
23232
23461
23605
23775
23782
23787
23811
23834
23885
23896
23907
23922
23934
24129
24284
24401
24470
24644
24727
24860
24925
24943
25074
25323
25424
25518
25632
25640
25685
25827
25847
25870
25917
26019
26037
26156
26161
26318
26407
26445
26560
26576
26770
26855
27180
27439
27529
27547
27654
27669
27689
27717
27723
27736
27848
27867
27894
27930
27951
28017
28196
28204
28414
28461
28622
28782
28920
29056
29168
29335
29351
29400
29408
29449
29462
29597
29615
29699
29779
29788
29868
29910
29913
29997
30055
30080
30103
30108
30142
30211
30228
30264
30360
30414
30451
30472
30523
30627
30782
30795
30811
30842
30901
30905
30992
31190
31314
31368
31420
31424
31425
31441
31458
31467
31497
31519
31534
31595
31666
31669
31705
31749
31791
31798
31831
31914
32161
32181
32202
32215
32225
32286
32369
32433
32442
32507
32668
32834
32851
32874
32951
32974
33057
33082
33150
33161
33267
33304
33378
33389
33393
33432
33458
33622
33635
33796
34021
34023
34056
34123
34152
34310
34512
34579
34632
34963
34966
35001
35121
35170
35384
35532
35733
35810
35819
35847
35861
35886
35905
35907
35989
36119
36122
36223
36285
36286
36307
36318
36355
36444
36512
36583
36708
36767
36784
36874
37211
37253
37362
37398
37402
37512
37531
37572
37625
37637
37651
37728
37853
37866
37873
37899
37922
37951
37983
38105
38168
38221
38527
38755
38907
38981
39227
39229
39260
39306
39335
39464
39624
39693
39716
39803
39859
39896
40008
40060
40150
40170
40291
40301
40335
40345
40461
40703
40775
