41
86
115
136
212
269
277
415
495
694
704
775
779
968
1182
1340
1518
1560
1589
1818
1862
2000
2099
2150
2178
2224
2326
2351
2505
2698
2710
2889
3099
3188
3235
3349
3420
3487
3683
3688
3772
3821
3846
3861
3954
4167
4203
4308
4324
4332
4480
4550
4553
4700
4864
5026
5058
5123
5174
5241
5302
5326
5551
5580
5588
5589
5632
5661
5910
5921
5984
5997
6010
6135
6371
6476
6490
6516
6519
6598
6684
6866
6874
6888
7099
7136
7379
7419
7813
7965
8183
8361
8391
8488
8564
8577
8633
8985
8995
9099
9101
9318
9335
9351
9420
9452
9480
9560
9574
9648
9656
9704
9860
9876
9879
10219
10382
10723
11085
11157
11174
11230
11253
11386
11393
11482
11690
11737
11803
11873
11909
12005
12087
12132
12291
12333
12338
12370
12405
12441
12504
12744
12843
12871
12960
12995
13054
13159
13212
13308
13376
13440
13442
13510
13759
13840
13858
13862
13924
14040
14050
14070
14110
14255
14396
14492
14604
14646
14748
14857
14949
15084
15198
15431
15474
15522
15629
15793
15843
15903
16132
16175
16183
16592
16593
16623
16659
16768
16770
16781
16858
16917
17048
17052
17151
17259
17439
17492
17507
17585
17616
17698
17717
17760
17775
17798
17804
17814
17918
17940
18014
18182
18289
18507
18620
18786
18798
18807
18824
18860
18921
18941
18973
19058
19131
19224
19226
19239
19244
19260
19338
19378
19562
19586
19603
19660
19768
19775
19840
19943
20046
20112
20253
20274
20321
20328
20389
20634
20652
20681
20929
21039
21103
21201
21328
21504
21533
21693
21911
21937
22108
22173
22180
22650
22779
22867
22938
22992
23005
23066
23109
23136
23140
23217
23248
23371
23465
23468
23583
23596
23608
23656
23679
23729
23751
24081
24122
24211
24221
24310
24441
24531
24600
24626
24919
25280
25311
25414
25463
25699
25717
25869
25926
25949
25971
26025
26032
26113
26245
26350
26363
26377
26414
26417
26478
26511
26758
26760
26808
26847
26856
26892
26896
26910
26926
27035
27044
27178
27272
27410
27448
27478
27742
27755
27810
27831
27838
27932
28004
28023
28231
28268
28297
28331
28375
28378
28480
28607
28686
28780
28793
28921
29053
29085
29109
29123
29130
29215
29257
29293
29325
29587
29603
29661
29684
29721
29927
30044
30054
30152
30380
30399
30503
30525
30559
30561
30605
30608
30616
30650
30767
30777
30932
30959
31053
31059
31061
31086
31148
31281
31434
31439
31471
31485
31488
31649
31771
31785
31941
32018
32045
32147
32160
32182
32235
32341
32346
32547
32583
32612
32619
32631
32655
32675
32748
32785
32807
32870
32993
33010
33136
33146
33195
33285
33340
33383
33486
33532
33549
33609
33770
33775
33818
33875
33951
33970
33991
34111
34227
34247
34279
34363
34618
34741
35111
35223
35306
35426
35534
35622
35743
35844
35857
36001
36113
36392
36539
36672
36744
37038
37159
37251
37325
37360
37428
37511
37553
37566
37668
37981
38239
38250
38251
38323
38405
38468
38481
38592
38596
38601
38734
38918
38942
39013
39292
39558
39623
39897
39898
39946
39970
40067
40097
40105
40118
40205
40304
40314
40373
40410
40456
40457
40468
40712
