1
33
293
298
554
556
641
882
991
1004
1594
1599
1664
1841
1867
2130
2222
2256
2400
3281
3286
3661
3819
3899
4055
4500
4506
4581
4710
4823
5069
5152
5377
5488
5528
5577
5590
5727
5839
6480
6544
7069
7082
7188
7298
7383
7424
7673
7814
8431
9125
9144
9409
9608
9805
9961
10371
10658
10740
10755
10846
10930
11129
11291
11578
11917
12039
12219
12349
12534
13169
13538
14439
14617
14900
15186
15248
15275
15363
15747
15952
16099
16219
16337
16814
16912
16930
17080
17348
18244
18272
18524
18740
18758
18793
18818
19318
19400
19705
19856
20369
20941
21220
21319
22124
22368
22395
22916
23380
23611
23772
23914
24001
24141
24147
24212
24369
24389
24918
25081
25129
25419
25487
25668
25777
25810
26124
26470
27167
27461
27685
27687
27818
28304
28411
28432
28634
29184
29378
29562
29635
29764
29867
30032
30515
30528
30632
30702
30835
30891
30937
30964
31172
31275
31289
31308
32105
32411
32571
32941
33191
33263
33454
33540
33807
33832
33934
34149
34213
34245
34277
34376
34508
34758
34837
34949
36019
36173
36198
36446
37232
37481
37494
37718
38192
38686
38928
38998
39622
39634
40187
40260
40486
40540
40749
40855
