1
27
64
101
121
122
123
149
158
165
171
201
213
224
234
236
239
247
272
281
322
325
337
348
352
354
355
361
365
411
418
420
422
445
466
469
471
499
506
513
515
520
528
536
539
545
552
558
565
572
620
651
656
676
678
687
691
698
699
706
720
729
734
735
781
784
790
857
863
867
876
880
882
896
913
925
930
932
940
943
998
1002
1004
1005
1008
1009
1013
1015
1026
1045
1052
1064
1070
1090
1104
1112
1120
1137
1146
1153
1159
1186
1191
1196
1241
1275
1286
1287
1302
1325
1335
1348
1351
1381
1401
1418
1433
1442
1486
1491
1496
1505
1506
1520
1545
1558
1584
1594
1599
1605
1613
1638
1660
1664
1687
1688
1690
1693
1709
1717
1729
1740
1742
1760
1771
1780
1781
1789
1806
1813
1814
1816
1824
1827
1841
1844
1848
1851
1856
1875
1892
1901
1906
1910
1912
1928
1932
1944
1965
1966
1970
1978
1982
1996
2014
2063
2096
2110
2111
2125
2141
2166
2172
2188
2211
2236
2257
2271
2310
2325
2331
2332
2356
2362
2400
2408
2416
2426
2435
2438
2442
2445
2446
2461
2465
2477
2487
2489
2491
2517
2531
2536
2576
2596
2600
2602
2609
2611
2621
2654
2663
2685
2706
2707
2712
2715
2718
2729
2730
2745
2746
2750
2756
2772
2790
2793
2796
2820
2840
2844
2850
2855
2875
2891
2898
2905
2915
2933
2971
2974
2981
2985
2998
3005
3030
3051
3075
3076
3092
3094
3117
3120
3127
3142
3148
3152
3158
3167
3182
3189
3209
3211
3215
3239
3286
3333
3358
3412
3422
3432
3445
3449
3496
3506
3514
3519
3546
3562
3579
3584
3614
3636
3646
3659
3661
3690
3698
3712
3724
3726
3735
3743
3746
3765
3766
3774
3775
3784
3796
3802
3805
3806
3834
3839
3851
3857
3858
3886
3889
3895
3913
3918
3923
3924
3928
3952
3961
3966
3975
3983
3989
3996
4009
4010
4019
4033
4034
4041
4043
4068
4073
4087
4095
4111
4114
4121
4140
4154
4165
4175
4186
4194
4210
4236
4243
4252
4255
4256
4270
4271
4279
4291
4312
4323
4347
4353
4378
4383
4407
4419
4424
4425
4430
4437
4441
4452
4459
4461
4471
4485
4491
4499
4503
4511
4526
4546
4549
4558
4561
4571
4597
4601
4605
4606
4619
4622
4624
4637
4641
4646
4652
4655
4670
4697
4699
4703
4709
4710
4712
4751
4764
4765
4777
4780
4783
4804
4813
4829
4841
4845
4851
4866
4869
4882
4889
4897
4916
4922
4933
4949
4956
4960
4961
4973
5001
5032
5038
5042
5051
5061
5080
5104
5113
5126
5149
5180
5183
5193
5205
5210
5215
5232
5242
5248
5291
5292
5294
5299
5305
5319
5320
5335
5372
5388
5392
5399
5417
5418
5423
5441
5454
5455
5477
5482
5484
5488
5505
5515
5519
5528
5534
5537
5560
5595
5608
5611
5618
5636
5655
5656
5685
5704
5743
5746
5766
5798
5805
5808
5826
5833
5834
5847
5855
5860
5864
5867
5878
5884
5888
5911
5918
5920
5937
5958
5985
5990
5995
6000
6004
6005
6017
6041
6051
6067
6074
6084
6089
6098
6123
6142
6151
6163
6164
6166
6183
6205
6211
6229
6243
6252
6256
6264
6267
6293
6298
6311
6321
6322
6354
6414
6416
6418
6426
6467
6480
6486
6504
6507
6512
6521
6535
6559
6566
6568
6614
6619
6631
6637
6648
6649
6676
6683
6686
6689
6691
6702
6713
6726
6730
6732
6749
6756
6766
6800
6803
6814
6825
6840
6842
6867
6868
6872
6879
6910
6919
6922
6929
6964
6968
6980
6989
6990
6992
7004
7007
7030
7036
7055
7075
7109
7142
7144
7151
7165
7172
7175
7177
7179
7188
7201
7215
7228
7234
7247
7263
7264
7266
7287
7298
7301
7326
7331
7335
7341
7346
7356
7375
7391
7395
7421
7430
7445
7456
7474
7477
7480
7493
7494
7500
7514
7517
7518
7545
7546
7547
7558
7564
7566
7570
7577
7582
7596
7604
7608
7610
7626
7656
7663
7668
7675
7687
7697
7698
7716
7720
7739
7756
7757
7759
7764
7765
7771
7795
7806
7823
7854
7857
7865
7874
7889
7906
7914
7915
7929
7945
7953
7971
7983
7995
7998
8001
8009
8051
8053
8067
8080
8088
8106
8119
8124
8135
8161
8166
8181
8199
8219
8237
8254
8272
8273
8274
8278
8280
8281
8305
8310
8331
8332
8333
8348
8394
8399
8416
8423
8425
8445
8448
8450
8470
8479
8482
8490
8492
8511
8516
8529
8544
8579
8590
8601
8620
8635
8636
8642
8651
8667
8670
8683
8698
8714
8720
8734
8736
8745
8798
8816
8822
8823
8825
8830
8843
8844
8865
8871
8884
8902
8905
8932
8939
8940
8953
8958
8973
8977
8983
8988
8991
8992
8993
8998
9004
9017
9026
9029
9037
9049
9060
9065
9082
9103
9108
9117
9122
9125
9128
9129
9146
9212
9233
9239
9244
9252
9270
9279
9308
9313
9316
9319
9323
9327
9332
9345
9353
9363
9371
9378
9397
9399
9419
9422
9430
9443
9445
9458
9459
9501
9512
9526
9530
9533
9543
9554
9563
9570
9577
9585
9608
9643
9652
9658
9687
9712
9716
9722
9733
9747
9750
9759
9775
9787
9788
9802
9819
9830
9851
9864
9865
9881
9883
9916
9927
9930
9931
9939
9947
9966
9972
9980
9987
9991
9992
9995
10020
10021
10031
10034
10040
10045
10072
10080
10085
10090
10095
10097
10098
10099
10107
10147
10150
10166
10168
10187
10197
10215
10221
10239
10244
10248
10266
10269
10272
10278
10280
10296
10302
10317
10323
10328
10345
10359
10361
10366
10371
10374
10403
10413
10415
10420
10428
10429
10432
10450
10470
10472
10483
10484
10515
10549
10551
10556
10580
10595
10602
10609
10614
10648
10675
10681
10690
10708
10745
10747
10750
10761
10764
10780
10787
10800
10802
10803
10818
10823
10827
10833
10849
10856
10860
10883
10899
10908
10917
10932
10938
10960
10962
10976
10981
10990
10998
11015
11021
11025
11032
11064
11082
11102
11107
11109
11120
11130
11132
11136
11171
11176
11177
11251
11254
11272
11281
11296
11313
11316
11325
11329
11345
11368
11373
11403
11421
11425
11437
11447
11450
11454
11467
11472
11490
11500
11509
11519
11547
11558
11564
11586
11606
11630
11645
11651
11657
11660
11721
11734
11741
11755
11788
11795
11798
11799
11805
11810
11822
11823
11825
11831
11835
11865
11901
11902
11903
11920
11931
11932
11934
11938
11982
11990
11991
12003
12049
12054
12067
12080
12091
12103
12110
12111
12114
12127
12141
12151
12165
12168
12174
12201
12205
12211
12212
12213
12214
12237
12251
12258
12264
12298
12315
12353
12355
12380
12388
12409
12411
12432
12443
12458
12463
12470
12491
12508
12509
12516
12517
12537
12542
12550
12568
12572
12578
12582
12586
12619
12625
12628
12635
12642
12681
12686
12692
12693
12704
12705
12714
12732
12735
12742
12743
12750
12752
12776
12780
12783
12795
12801
12809
12815
12816
12818
12828
12832
12833
12846
12862
12863
12865
12886
12891
12903
12906
12912
12939
12940
12946
12950
12979
12986
13000
13012
13013
13048
13051
13074
13092
13101
13106
13131
13133
13145
13184
13194
13218
13243
13248
13251
13252
13254
13265
13266
13283
13287
13321
13345
13358
13371
13372
13387
13392
13393
13396
13404
13449
13465
13468
13480
13492
13496
13501
13503
13509
13522
13526
13538
13549
13560
13561
13563
13577
13582
13585
13590
13591
13609
13617
13618
13620
13629
13642
13655
13666
13687
13698
13703
13705
13711
13731
13768
13778
13779
13787
13808
13815
13816
13819
13820
13837
13839
13847
13851
13868
13869
13870
13883
13919
13927
13934
13952
13959
13965
13978
14088
14096
14147
14170
14176
14196
14197
14205
14206
14215
14237
14251
14262
14264
14276
14280
14293
14322
14324
14327
14328
14331
14342
14348
14349
14350
14353
14383
14402
14405
14407
14413
14437
14458
14463
14467
14468
14472
14475
14481
14482
14498
14507
14515
14517
14540
14556
14564
14585
14594
14603
14613
14620
14623
14633
14637
14661
14681
14699
14716
14726
14731
14732
14734
14749
14766
14783
14791
14805
14819
14821
14822
14827
14851
14863
14867
14878
14889
14891
14903
14912
14913
14943
14946
14950
14959
14966
14970
14972
14977
14994
15003
15010
15021
15030
15032
15038
15040
15043
15064
15069
15070
15075
15098
15159
15197
15204
15220
15221
15226
15227
15240
15244
15249
15261
15264
15275
15280
15294
15300
15301
15306
15311
15324
15330
15338
15339
15342
15359
15363
15365
15373
15385
15387
15394
15402
15413
15418
15439
15444
15450
15456
15482
15483
15489
15533
15536
15559
15563
15568
15571
15584
15605
15637
15654
15667
15680
15684
15693
15699
15712
15726
15739
15767
15769
15775
15777
15779
15781
15792
15797
15806
15812
15847
15861
15881
15894
15897
15904
15934
15958
15986
15997
16010
16018
16020
16034
16039
16040
16056
16064
16084
16094
16103
16104
16110
16112
16117
16142
16149
16177
16197
16201
16212
16220
16229
16236
16248
16263
16300
16306
16342
16346
16352
16365
16376
16389
16392
16397
16399
16400
16415
16429
16442
16443
16451
16491
16520
16527
16532
16542
16551
16554
16578
16581
16585
16647
16667
16681
16711
16714
16734
16736
16741
16755
16773
16783
16793
16810
16814
16828
16852
16868
16873
16881
16891
16893
16899
16920
16939
16964
16983
17002
17006
17007
17018
17026
17061
17080
17130
17141
17142
17143
17162
17174
17191
17200
17205
17215
17229
17262
17275
17277
17285
17293
17302
17310
17318
17326
17356
17358
17369
17384
17400
17404
17417
17431
17435
17443
17447
17451
17458
17468
17501
17502
17505
17546
17547
17576
17578
17579
17596
17613
17615
17627
17629
17635
17636
17637
17670
17677
17678
17683
17690
17695
17722
17723
17731
17738
17741
17755
17761
17764
17769
17778
17781
17784
17787
17800
17808
17816
17819
17834
17844
17858
17869
17870
17871
17877
17880
17895
17909
17912
17933
17935
17937
17943
17951
17973
17988
17997
17999
18000
18009
18013
18024
18040
18049
18055
18071
18073
18098
18108
18122
18125
18134
18145
18150
18155
18180
18185
18191
18199
18210
18215
18222
18234
18243
18244
18247
18248
18251
18273
18306
18309
18324
18347
18352
18353
18355
18360
18361
18364
18379
18385
18403
18404
18406
18446
18471
18483
18490
18524
18525
18544
18554
18555
18573
18599
18602
18639
18642
18644
18648
18678
18681
18695
18697
18711
18712
18719
18722
18740
18741
18748
18752
18776
18780
18787
18791
18793
18815
18850
18861
18870
18874
18877
18896
18897
18898
18912
18922
18928
18935
18936
18946
18951
18970
18971
18980
19000
19001
19024
19044
19083
19107
19112
19138
19166
19177
19190
19223
19231
19234
19257
19261
19266
19281
19306
19309
19314
19317
19318
19327
19335
19340
19348
19349
19355
19359
19388
19399
19400
19431
19442
19446
19454
19455
19456
19460
19468
19469
19480
19494
19497
19499
19516
19532
19535
19552
19556
19593
19604
19618
19643
19645
19651
19653
19678
19681
19682
19705
19718
19722
19750
19779
19782
19787
19807
19841
19853
19856
19868
19869
19885
19894
19916
19920
19932
19945
19964
19976
19979
19987
19991
19992
19995
20006
20010
20012
20013
20022
20025
20054
20061
20062
20066
20080
20085
20098
20167
20176
20177
20180
20182
20190
20228
20229
20240
20255
20281
20304
20315
20331
20347
20356
20375
20377
20386
20396
20413
20423
20439
20451
20459
20464
20482
20487
20497
20512
20514
20529
20543
20547
20613
20626
20631
20633
20653
20654
20659
20672
20679
20704
20709
20721
20727
20737
20746
20767
20796
20797
20823
20838
20880
20889
20894
20909
20940
20977
20982
20984
20986
20991
20998
20999
21007
21021
21022
21033
21046
21060
21061
21069
21088
21095
21098
21100
21105
21107
21114
21116
21117
21122
21147
21175
21178
21188
21191
21198
21205
21208
21215
21227
21232
21234
21245
21253
21255
21258
21288
21296
21316
21319
21354
21359
21363
21375
21395
21396
21403
21406
21424
21428
21439
21442
21445
21451
21454
21466
21472
21490
21495
21502
21511
21517
21526
21529
21531
21535
21555
21558
21561
21578
21589
21590
21607
21609
21633
21637
21638
21643
21648
21657
21688
21700
21704
21715
21716
21724
21727
21728
21731
21741
21746
21769
21778
21786
21787
21792
21796
21830
21837
21862
21884
21887
21888
21909
21914
21916
21933
21943
21950
21963
21976
21977
22030
22034
22043
22047
22052
22057
22065
22070
22085
22109
22120
22131
22132
22146
22148
22172
22176
22181
22182
22183
22187
22208
22254
22255
22257
22258
22262
22270
22285
22303
22309
22317
22323
22329
22333
22357
22368
22369
22428
22441
22446
22456
22471
22485
22495
22500
22525
22533
22535
22537
22538
22539
22549
22551
22554
22572
22577
22587
22598
22603
22610
22611
22620
22634
22644
22672
22691
22693
22699
22700
22703
22712
22746
22754
22761
22776
22810
22819
22832
22833
22836
22840
22853
22861
22864
22868
22869
22878
22882
22892
22897
22909
22939
22944
22947
22957
22963
22974
22993
22996
23001
23044
23049
23055
23078
23089
23091
23097
23098
23099
23105
23110
23113
23115
23116
23130
23147
23162
23168
23198
23207
23242
23255
23260
23280
23287
23295
23298
23300
23312
23335
23347
23348
23360
23363
23364
23367
23382
23384
23394
23395
23432
23466
23471
23479
23483
23503
23510
23517
23519
23544
23564
23572
23586
23595
23609
23613
23624
23625
23642
23648
23655
23663
23677
23687
23691
23696
23704
23713
23719
23734
23743
23772
23781
23786
23819
23877
23888
23894
23903
23912
23916
23925
23960
23977
23991
24009
24029
24040
24042
24057
24085
24092
24101
24103
24108
24138
24145
24159
24168
24171
24180
24193
24194
24197
24202
24208
24224
24226
24242
24250
24253
24255
24258
24286
24288
24294
24316
24325
24329
24339
24349
24362
24373
24376
24377
24383
24389
24405
24421
24426
24438
24439
24448
24469
24476
24486
24502
24537
24544
24547
24559
24606
24609
24610
24627
24630
24636
24642
24680
24682
24693
24695
24705
24718
24724
24729
24734
24752
24767
24770
24791
24803
24809
24826
24834
24838
24847
24868
24904
24908
24931
24957
24959
24981
24984
24987
25023
25030
25041
25085
25093
25097
25118
25119
25181
25191
25193
25227
25253
25254
25272
25290
25306
25328
25358
25372
25388
25395
25410
25416
25419
25428
25435
25440
25443
25483
25487
25491
25509
25512
25559
25563
25564
25570
25576
25588
25603
25622
25634
25637
25643
25662
25682
25693
25698
25703
25708
25718
25740
25753
25754
25760
25761
25762
25765
25768
25770
25794
25803
25807
25835
25865
25868
25883
25893
25895
25910
25914
25935
25945
25967
25969
25976
26008
26016
26017
26021
26052
26061
26081
26103
26107
26117
26119
26124
26129
26132
26140
26141
26145
26183
26185
26193
26214
26218
26224
26252
26257
26263
26266
26287
26298
26300
26308
26309
26329
26352
26360
26364
26374
26376
26383
26398
26412
26418
26420
26428
26440
26451
26453
26459
26464
26469
26470
26479
26491
26503
26510
26512
26536
26571
26581
26587
26594
26598
26606
26608
26617
26621
26622
26624
26625
26668
26678
26706
26710
26713
26718
26729
26741
26755
26768
26779
26786
26793
26794
26796
26807
26829
26833
26837
26866
26867
26874
26876
26894
26902
26912
26919
26924
26930
26933
26936
26965
26969
26977
27003
27004
27010
27011
27016
27019
27057
27060
27071
27084
27107
27116
27118
27121
27129
27145
27147
27154
27167
27219
27233
27236
27242
27264
27270
27280
27297
27310
27324
27325
27327
27341
27347
27349
27365
27377
27387
27388
27394
27442
27447
27461
27467
27489
27514
27518
27520
27525
27541
27546
27556
27562
27572
27588
27598
27606
27609
27640
27648
27650
27651
27653
27661
27668
27687
27709
27712
27731
27735
27738
27750
27767
27769
27781
27786
27787
27790
27804
27818
27820
27837
27847
27863
27866
27874
27881
27886
27890
27905
27908
27910
27955
27961
27970
27974
27994
28012
28026
28032
28049
28065
28068
28070
28078
28102
28111
28112
28113
28114
28130
28153
28161
28184
28191
28200
28234
28235
28254
28267
28270
28285
28295
28300
28343
28365
28366
28381
28382
28387
28411
28423
28437
28450
28454
28458
28474
28491
28509
28512
28514
28536
28537
28538
28550
28556
28557
28568
28571
28582
28593
28595
28596
28638
28646
28655
28671
28717
28720
28724
28729
28736
28740
28742
28743
28748
28781
28787
28797
28798
28801
28802
28812
28818
28824
28828
28831
28833
28852
28859
28863
28866
28869
28904
28905
28910
28911
28953
28959
28969
28974
28975
28992
29007
29011
29013
29022
29040
29050
29058
29079
29087
29100
29102
29115
29132
29135
29149
29155
29172
29181
29184
29185
29205
29218
29223
29246
29268
29299
29302
29334
29339
29342
29354
29370
29378
29385
29389
29412
29447
29467
29476
29478
29501
29514
29543
29547
29549
29558
29559
29594
29605
29610
29626
29631
29633
29634
29635
29637
29640
29645
29646
29649
29651
29652
29674
29685
29691
29693
29710
29780
29797
29799
29800
29807
29810
29857
29880
29882
29893
29900
29911
29914
29917
29918
29920
29923
29953
29956
29973
29976
29984
29985
29988
29990
29991
29994
29999
30017
30032
30038
30066
30075
30084
30090
30123
30124
30132
30143
30151
30155
30166
30173
30189
30207
30210
30214
30215
30232
30239
30258
30289
30332
30346
30351
30403
30412
30417
30425
30427
30428
30432
30444
30470
30475
30485
30492
30497
30502
30512
30515
30553
30555
30558
30582
30585
30591
30592
30594
30595
30599
30631
30646
30648
30656
30664
30670
30672
30698
30700
30704
30712
30750
30768
30769
30776
30786
30794
30801
30829
30831
30849
30850
30851
30854
30861
30874
30891
30894
30914
30919
30920
30921
30946
30954
30964
30965
30972
31009
31014
31029
31038
31067
31080
31096
31149
31153
31156
31161
31173
31197
31198
31214
31216
31221
31233
31239
31260
31275
31286
31287
31289
31290
31297
31350
31367
31395
31401
31408
31413
31426
31432
31442
31453
31455
31456
31459
31460
31461
31469
31479
31484
31494
31526
31529
31535
31545
31546
31550
31553
31557
31558
31560
31562
31573
31581
31591
31609
31614
31655
31656
31665
31668
31673
31674
31691
31711
31729
31735
31755
31768
31774
31786
31800
31819
31823
31852
31860
31888
31901
31904
31929
31945
31949
31953
31978
31993
31995
31999
32000
32022
32026
32027
32033
32060
32070
32085
32091
32107
32112
32114
32156
32185
32211
32228
32234
32269
32283
32303
32317
32323
32343
32354
32360
32375
32384
32389
32392
32400
32401
32411
32414
32432
32438
32458
32462
32467
32477
32482
32512
32516
32531
32532
32534
32556
32558
32568
32571
32573
32578
32593
32606
32628
32660
32678
32679
32680
32688
32692
32723
32727
32733
32754
32765
32772
32774
32790
32791
32818
32822
32833
32835
32836
32853
32881
32882
32955
32956
32964
32965
32986
33005
33009
33053
33056
33066
33079
33108
33113
33118
33123
33127
33140
33143
33164
33209
33212
33227
33238
33264
33269
33272
33273
33291
33296
33306
33307
33322
33328
33346
33347
33356
33358
33364
33372
33381
33392
33396
33401
33414
33425
33426
33439
33440
33447
33453
33470
33473
33476
33505
33537
33538
33539
33556
33559
33563
33583
33586
33597
33618
33620
33629
33636
33642
33658
33711
33715
33734
33745
33753
33768
33779
33791
33803
33805
33810
33835
33874
33887
33911
33912
33973
33974
33995
34033
34036
34048
34051
34053
34058
34060
34072
34075
34081
34086
34107
34128
34156
34164
34167
34174
34180
34182
34184
34194
34201
34208
34214
34224
34267
34268
34288
34293
34294
34296
34308
34321
34354
34357
34359
34364
34383
34385
34426
34436
34439
34440
34444
34454
34472
34483
34485
34504
34561
34564
34580
34596
34599
34602
34606
34615
34616
34619
34644
34647
34673
34688
34692
34694
34698
34707
34710
34711
34739
34743
34748
34750
34754
34758
34766
34775
34784
34791
34795
34802
34827
34843
34865
34873
34890
34898
34946
34949
34974
34980
34998
35006
35015
35018
35048
35054
35090
35105
35129
35198
35218
35225
35227
35238
35272
35299
35303
35311
35324
35337
35338
35349
35352
35355
35372
35378
35396
35418
35423
35429
35444
35463
35464
35480
35483
35495
35502
35504
35515
35571
35579
35590
35595
35617
35626
35639
35643
35649
35662
35665
35676
35700
35729
35740
35755
35756
35762
35774
35796
35815
35836
35840
35851
35854
35879
35883
35898
35903
35920
35967
35968
35998
36000
36002
36005
36010
36014
36020
36029
36032
36061
36077
36092
36100
36107
36117
36133
36138
36139
36142
36167
36182
36185
36188
36192
36193
36195
36197
36207
36230
36262
36272
36275
36323
36394
36405
36409
36414
36457
36459
36470
36474
36497
36499
36500
36502
36503
36510
36521
36530
36537
36549
36575
36578
36591
36612
36616
36626
36640
36647
36654
36660
36690
36705
36715
36725
36759
36782
36783
36799
36816
36820
36832
36861
36875
36913
36944
36952
36964
36972
36991
37020
37029
37033
37034
37050
37065
37070
37072
37083
37098
37105
37109
37124
37125
37130
37131
37149
37152
37167
37178
37179
37182
37183
37189
37193
37209
37259
37262
37266
37275
37278
37279
37305
37327
37333
37354
37381
37383
37393
37399
37400
37403
37406
37408
37435
37444
37445
37449
37458
37459
37474
37480
37482
37484
37485
37494
37519
37526
37546
37552
37568
37576
37580
37590
37595
37616
37624
37630
37634
37638
37643
37653
37655
37679
37694
37698
37701
37718
37722
37734
37769
37793
37795
37821
37846
37852
37856
37861
37862
37874
37875
37888
37902
37915
37924
37960
37961
38039
38049
38086
38088
38101
38107
38125
38137
38155
38160
38161
38167
38187
38190
38197
38200
38227
38228
38240
38248
38288
38290
38299
38304
38318
38322
38344
38345
38371
38377
38390
38399
38404
38457
38462
38467
38477
38498
38507
38518
38533
38544
38546
38551
38554
38578
38597
38621
38631
38632
38651
38661
38686
38689
38692
38712
38719
38721
38745
38763
38767
38774
38783
38809
38869
38873
38877
38896
38913
38922
38923
38931
38935
38949
38964
38969
38970
38974
38994
38998
39006
39017
39023
39025
39031
39060
39061
39088
39131
39137
39160
39164
39172
39178
39189
39196
39202
39215
39220
39267
39272
39278
39282
39320
39328
39344
39355
39363
39371
39380
39382
39391
39399
39407
39408
39420
39426
39432
39451
39466
39475
39485
39517
39519
39528
39543
39545
39551
39555
39571
39589
39605
39610
39622
39629
39641
39645
39647
39649
39657
39666
39696
39700
39704
39710
39713
39728
39739
39757
39783
39805
39807
39808
39809
39844
39875
39879
39880
39890
39920
39966
39968
39972
39988
39994
40036
40043
40068
40072
40077
40089
40098
40103
40109
40126
40131
40158
40160
40183
40187
40230
40234
40242
40248
40255
40259
40271
40287
40306
40321
40333
40336
40371
40384
40397
40403
40422
40430
40463
40465
40477
40486
40517
40531
40532
40542
40545
40551
40559
40586
40604
40616
40617
40621
40646
40660
40662
40667
40669
40671
40686
40700
40706
40708
40713
40717
40718
40748
40759
40764
40767
40781
40785
40795
40801
40812
40816
40823
40842
40843
40846
