10
27
137
156
165
171
202
216
274
280
303
325
357
365
409
422
437
501
528
628
676
677
685
696
767
860
880
885
972
995
1004
1044
1065
1137
1187
1188
1208
1256
1325
1368
1374
1401
1420
1441
1453
1594
1729
1760
1781
1827
1882
1989
2073
2086
2125
2199
2220
2230
2258
2286
2294
2331
2370
2394
2397
2415
2419
2461
2499
2512
2540
2561
2600
2602
2665
2729
2772
2793
2859
2894
2907
2915
2928
2943
3081
3115
3127
3148
3211
3250
3339
3362
3363
3377
3422
3496
3524
3574
3581
3589
3594
3705
3712
3733
3735
3749
3758
3782
3809
3961
3962
3966
3989
4024
4033
4243
4289
4301
4344
4347
4356
4462
4503
4526
4565
4637
4641
4703
4710
4744
4807
4843
4850
4871
4882
4917
4934
5041
5042
5051
5201
5203
5215
5219
5328
5354
5377
5406
5418
5454
5488
5494
5502
5595
5638
5729
5743
5847
5852
5927
6005
6049
6058
6089
6096
6115
6148
6153
6240
6261
6293
6346
6348
6364
6478
6480
6605
6635
6749
6868
6919
6958
7072
7161
7182
7279
7298
7331
7368
7371
7396
7434
7444
7462
7470
7504
7505
7518
7564
7576
7626
7652
7752
7756
7768
7772
7806
7859
7891
7920
7944
8053
8056
8059
8080
8088
8121
8141
8189
8208
8209
8212
8278
8286
8425
8465
8469
8498
8507
8579
8595
8606
8642
8681
8683
8717
8749
8769
8843
8857
8915
9017
9049
9146
9202
9229
9239
9299
9337
9363
9425
9432
9443
9445
9463
9485
9526
9541
9570
9585
9586
9781
9838
9864
9866
9895
9904
9980
10006
10007
10032
10088
10089
10117
10123
10183
10231
10269
10280
10285
10286
10308
10361
10374
10435
10635
10743
10750
10829
10832
10843
10892
10893
10910
10951
10991
10998
10999
11045
11055
11100
11112
11120
11128
11177
11206
11325
11329
11352
11421
11436
11457
11468
11552
11558
11564
11626
11643
11651
11731
11734
11785
11816
11817
11831
11859
11887
11889
11890
11897
11958
11995
12114
12127
12153
12159
12212
12217
12254
12410
12416
12482
12610
12614
12686
12745
12772
12862
12877
12903
12925
13026
13051
13064
13092
13140
13154
13229
13231
13243
13251
13264
13270
13273
13330
13371
13392
13456
13457
13465
13477
13504
13532
13538
13549
13586
13609
13757
13763
13765
13768
13796
13837
13843
13859
13929
14062
14065
14118
14135
14156
14170
14206
14328
14342
14349
14408
14458
14460
14462
14463
14503
14563
14594
14672
14687
14726
14746
14778
14829
14832
14880
14929
14947
14970
14972
15158
15162
15244
15275
15293
15363
15372
15415
15450
15476
15529
15589
15590
15637
15638
15732
15739
15747
15762
15772
15779
15899
15916
15931
15945
15953
15986
16016
16018
16020
16058
16065
16088
16112
16142
16145
16177
16207
16211
16220
16274
16280
16299
16361
16395
16452
16515
16528
16534
16542
16550
16629
16662
16681
16711
16737
16755
16790
16814
16827
16828
16868
16891
17140
17163
17215
17294
17299
17400
17548
17578
17582
17622
17625
17677
17697
17781
17853
17869
17876
17990
17997
18000
18011
18040
18051
18079
18132
18150
18156
18159
18191
18241
18270
18271
18364
18370
18375
18435
18471
18484
18490
18609
18633
18648
18678
18700
18710
18714
18808
18812
18836
18840
18850
18956
18963
19059
19094
19107
19141
19162
19230
19242
19257
19309
19336
19373
19396
19399
19433
19455
19460
19483
19497
19499
19516
19535
19557
19623
19633
19666
19702
19703
19718
19740
19758
19766
19787
19856
19885
19956
19975
19978
19999
20006
20031
20062
20091
20142
20178
20190
20245
20345
20392
20413
20418
20448
20464
20484
20497
20514
20529
20543
20583
20589
20598
20690
20737
20753
20986
21057
21117
21128
21149
21276
21446
21466
21483
21518
21563
21569
21731
21737
21854
21966
21976
21987
22034
22080
22124
22134
22156
22166
22212
22226
22261
22350
22358
22368
22391
22452
22456
22471
22509
22549
22586
22644
22682
22717
22730
22810
22841
22871
22879
22939
22946
22981
22988
22990
23008
23044
23097
23126
23137
23244
23277
23284
23373
23392
23401
23403
23406
23414
23438
23534
23542
23544
23606
23668
23684
23691
23713
23725
23731
23772
23809
23837
23840
23853
23906
23913
23920
23941
24019
24029
24071
24072
24074
24130
24250
24277
24362
24389
24439
24478
24485
24492
24548
24559
24586
24606
24705
24768
24791
24813
24880
25124
25203
25212
25214
25221
25224
25243
25281
25305
25319
25419
25487
25492
25602
25620
25651
25779
25788
25791
25834
25856
25945
25976
26021
26029
26053
26104
26110
26124
26135
26170
26174
26211
26214
26252
26256
26259
26310
26337
26383
26388
26389
26398
26409
26465
26471
26499
26509
26555
26581
26612
26625
26634
26675
26727
26734
26791
26837
26854
26876
26904
26918
26942
27003
27031
27249
27271
27284
27324
27341
27357
27367
27378
27394
27450
27476
27507
27599
27648
27687
27707
27775
27790
27798
27818
27845
27850
27869
27887
27905
27915
27963
28000
28002
28003
28007
28029
28060
28070
28110
28144
28148
28161
28343
28395
28411
28423
28513
28538
28552
28566
28740
28772
28802
28815
28833
28891
29001
29022
29052
29119
29135
29185
29203
29302
29378
29427
29465
29467
29513
29561
29635
29696
29707
29784
29797
29847
29882
29894
29912
29918
30032
30050
30081
30083
30123
30132
30154
30163
30207
30221
30225
30249
30252
30343
30427
30442
30458
30497
30589
30592
30594
30617
30639
30647
30710
30717
30744
30768
30804
30864
30914
30920
30971
31005
31106
31156
31157
31164
31198
31214
31216
31260
31275
31309
31327
31350
31453
31459
31489
31523
31549
31650
31674
31697
31722
31735
31768
31842
31926
31929
31945
31978
31986
32069
32070
32076
32112
32128
32189
32222
32264
32299
32384
32460
32462
32512
32571
32613
32660
32717
32722
32791
32810
32836
32848
32872
32950
32958
32988
33009
33056
33065
33079
33131
33145
33152
33164
33206
33372
33431
33537
33560
33604
33611
33645
33704
33711
33724
33768
33832
33847
33911
33956
33989
34022
34059
34191
34205
34238
34288
34292
34296
34458
34483
34517
34531
34547
34562
34573
34647
34660
34688
34694
34713
34824
34861
34865
34949
34998
35018
35061
35066
35106
35108
35224
35242
35254
35259
35331
35461
35464
35479
35626
35632
35649
35668
35670
35762
35774
35836
35841
35866
35876
35961
35983
36032
36074
36092
36121
36138
36142
36230
36309
36320
36372
36395
36406
36434
36457
36462
36548
36549
36612
36649
36664
36684
36725
36727
36816
36835
36846
36991
37193
37207
37318
37331
37375
37447
37459
37526
37590
37609
37630
37659
37660
37740
37751
37755
37793
37870
37925
37928
37998
38048
38137
38187
38208
38243
38279
38331
38386
38403
38543
38588
38686
38722
38767
38815
38865
38877
38891
38893
38917
38975
38992
38998
39017
39087
39182
39267
39317
39359
39362
39364
39371
39399
39418
39454
39622
39671
39688
39739
39743
39758
39805
39890
39923
40036
40047
40092
40103
40111
40136
40153
40162
40183
40249
40300
40321
40323
40374
40430
40532
40534
40641
40688
40840
