20
35
38
68
76
78
106
129
147
177
240
242
271
288
317
336
351
356
362
374
378
387
395
417
463
474
490
493
504
549
566
582
608
618
666
732
743
758
789
801
811
816
827
856
879
889
891
893
948
990
1019
1025
1056
1085
1115
1121
1140
1158
1183
1190
1192
1211
1214
1221
1228
1274
1277
1313
1345
1346
1357
1372
1376
1415
1452
1454
1485
1501
1515
1542
1615
1621
1623
1629
1631
1634
1656
1662
1683
1689
1715
1721
1726
1735
1783
1787
1792
1797
1799
1838
1857
1870
1879
1887
1899
1911
1922
1934
1939
1999
2015
2019
2025
2040
2052
2070
2071
2084
2087
2100
2106
2121
2139
2140
2154
2174
2175
2186
2190
2201
2214
2240
2248
2254
2264
2265
2275
2322
2346
2367
2402
2420
2453
2470
2480
2495
2500
2504
2520
2522
2550
2551
2569
2623
2638
2692
2703
2711
2717
2732
2742
2758
2786
2801
2816
2848
2851
2860
2872
2881
2888
2890
2901
2902
2906
2910
2914
2919
2929
2930
2966
2978
3002
3003
3027
3058
3059
3071
3105
3108
3181
3187
3191
3194
3207
3214
3288
3310
3320
3322
3323
3381
3389
3406
3413
3416
3421
3437
3439
3452
3475
3477
3512
3536
3542
3547
3570
3606
3607
3610
3629
3637
3641
3656
3667
3741
3747
3768
3776
3786
3795
3800
3808
3826
3827
3843
3856
3859
3870
3901
3917
3920
3930
3981
3993
3998
4004
4005
4032
4053
4065
4135
4142
4153
4162
4164
4169
4188
4191
4196
4199
4237
4284
4298
4325
4326
4342
4392
4396
4412
4442
4444
4448
4457
4469
4487
4502
4514
4521
4522
4555
4588
4604
4618
4663
4691
4692
4720
4739
4757
4827
4852
4859
4872
4884
4913
4924
4938
4986
5007
5015
5120
5125
5150
5153
5177
5207
5243
5245
5261
5263
5272
5341
5348
5379
5411
5424
5425
5496
5499
5500
5507
5520
5532
5535
5536
5586
5607
5626
5628
5643
5676
5689
5701
5702
5705
5710
5732
5737
5747
5801
5802
5804
5807
5816
5825
5836
5840
5869
5886
5892
5898
5905
5914
5925
5928
5931
5965
5998
6007
6014
6031
6040
6054
6088
6106
6124
6150
6152
6155
6181
6186
6216
6217
6280
6282
6289
6301
6312
6334
6337
6361
6363
6373
6384
6400
6404
6408
6435
6455
6457
6491
6503
6514
6539
6543
6546
6551
6552
6560
6569
6585
6603
6616
6621
6632
6651
6671
6682
6693
6718
6791
6818
6824
6847
6851
6860
6863
6876
6914
6918
6932
6953
6969
6971
6991
7009
7015
7028
7047
7050
7054
7062
7080
7091
7102
7112
7132
7134
7155
7233
7249
7255
7270
7271
7288
7344
7355
7394
7404
7417
7471
7472
7478
7485
7526
7529
7533
7542
7562
7572
7583
7614
7615
7655
7661
7677
7702
7724
7725
7774
7817
7830
7897
7900
7908
7912
7943
7948
7968
7980
7996
8000
8007
8019
8027
8033
8042
8072
8074
8077
8114
8122
8133
8140
8185
8194
8235
8260
8327
8329
8392
8406
8418
8438
8446
8462
8532
8549
8571
8573
8576
8596
8617
8632
8664
8676
8686
8692
8711
8721
8732
8751
8756
8759
8762
8776
8814
8817
8837
8858
8860
8863
8883
8903
8904
8935
8942
8946
8954
8960
8962
8964
8982
8994
9003
9020
9055
9069
9070
9075
9102
9130
9138
9143
9148
9165
9179
9205
9208
9226
9238
9265
9267
9280
9282
9288
9289
9293
9306
9312
9333
9356
9361
9385
9391
9402
9413
9514
9536
9545
9546
9580
9741
9768
9770
9790
9869
9910
9933
9934
9989
10025
10071
10079
10091
10096
10105
10116
10139
10153
10158
10177
10202
10214
10226
10261
10263
10282
10343
10347
10357
10407
10451
10465
10496
10509
10516
10521
10529
10543
10559
10560
10561
10568
10590
10598
10603
10607
10610
10622
10629
10633
10640
10642
10655
10662
10678
10680
10699
10703
10705
10742
10744
10781
10795
10806
10863
10877
10890
10891
10918
10923
10944
10950
10966
11014
11019
11084
11086
11096
11110
11137
11156
11217
11235
11242
11267
11269
11284
11297
11299
11354
11394
11486
11487
11503
11513
11518
11537
11568
11584
11585
11591
11592
11613
11622
11624
11635
11638
11653
11654
11678
11697
11770
11792
11808
11826
11849
11874
11880
11943
11946
11949
11971
11972
12000
12020
12021
12034
12045
12052
12089
12112
12119
12130
12148
12150
12184
12200
12255
12268
12274
12276
12286
12321
12351
12367
12371
12384
12398
12400
12417
12419
12431
12436
12449
12450
12531
12548
12560
12566
12574
12603
12679
12680
12702
12715
12730
12751
12757
12759
12761
12770
12789
12808
12820
12822
12831
12844
12845
12870
12894
12897
12899
12930
12933
12935
12937
12980
12984
12988
13002
13019
13061
13068
13072
13073
13088
13110
13112
13116
13128
13136
13149
13158
13163
13204
13209
13211
13219
13304
13350
13362
13381
13384
13415
13441
13447
13461
13482
13485
13497
13524
13531
13540
13543
13545
13551
13593
13600
13612
13616
13627
13634
13648
13660
13675
13677
13692
13714
13729
13761
13762
13764
13769
13798
13800
13804
13812
13823
13834
13838
13853
13871
13876
13909
13925
13938
13958
13961
13973
14005
14057
14103
14115
14130
14132
14138
14165
14182
14208
14217
14225
14230
14241
14261
14304
14341
14357
14373
14376
14382
14418
14425
14441
14450
14493
14527
14541
14547
14590
14608
14628
14634
14643
14650
14656
14686
14702
14711
14719
14738
14741
14751
14782
14795
14833
14836
14840
14874
14910
14936
14991
15009
15026
15072
15106
15133
15148
15170
15255
15257
15328
15335
15371
15376
15401
15441
15466
15504
15521
15524
15531
15566
15594
15595
15597
15601
15603
15681
15682
15691
15692
15716
15741
15745
15771
15786
15799
15845
15883
15886
15887
15905
15926
15936
15940
15944
15948
15956
15968
15969
16000
16047
16090
16091
16111
16221
16222
16225
16226
16269
16298
16316
16331
16339
16340
16383
16393
16433
16472
16478
16495
16502
16509
16519
16543
16588
16594
16628
16634
16642
16660
16675
16695
16712
16716
16720
16789
16805
16807
16820
16822
16833
16835
16838
16840
16848
16865
16874
16890
16901
16906
16909
16918
16924
16937
16946
16950
16954
16956
16999
17013
17016
17047
17055
17058
17075
17100
17105
17133
17161
17179
17181
17203
17212
17223
17235
17247
17269
17276
17282
17300
17312
17351
17352
17362
17372
17373
17382
17399
17418
17427
17453
17485
17498
17523
17540
17552
17573
17588
17599
17643
17644
17658
17661
17674
17676
17688
17693
17749
17756
17790
17801
17824
17836
17849
17852
17866
17874
17897
17914
17955
17957
17980
17982
17994
18004
18007
18032
18037
18043
18054
18061
18074
18109
18129
18133
18138
18176
18181
18195
18205
18230
18260
18268
18277
18294
18313
18319
18323
18325
18326
18329
18350
18356
18377
18380
18383
18386
18389
18408
18416
18418
18423
18426
18441
18460
18476
18492
18500
18502
18503
18508
18509
18532
18540
18559
18560
18561
18568
18640
18658
18660
18696
18723
18743
18765
18804
18830
18838
18841
18855
18902
18923
18933
18947
18957
18976
18999
19011
19013
19019
19026
19042
19045
19051
19065
19089
19106
19110
19113
19126
19135
19139
19158
19178
19202
19213
19214
19252
19302
19320
19362
19387
19407
19430
19504
19509
19565
19566
19641
19646
19661
19664
19667
19680
19695
19729
19754
19761
19765
19784
19794
19839
19850
19870
19874
19875
19887
19889
19901
19909
19980
19985
19994
20002
20004
20018
20030
20036
20078
20113
20120
20138
20152
20161
20164
20168
20172
20215
20252
20257
20265
20267
20278
20324
20343
20346
20361
20366
20372
20384
20402
20403
20419
20421
20437
20462
20473
20481
20505
20524
20541
20558
20566
20569
20576
20595
20608
20621
20643
20661
20674
20693
20706
20736
20752
20769
20786
20791
20833
20836
20844
20846
20855
20856
20904
20906
20912
20926
20952
20976
20988
20995
21009
21019
21068
21079
21096
21119
21151
21172
21195
21210
21257
21266
21327
21341
21344
21345
21352
21367
21372
21387
21405
21410
21429
21470
21476
21503
21553
21554
21624
21627
21640
21642
21645
21679
21713
21782
21810
21834
21859
21899
21906
21917
22031
22040
22072
22104
22105
22119
22157
22162
22185
22202
22204
22205
22219
22230
22269
22284
22354
22400
22401
22411
22444
22445
22459
22466
22511
22543
22567
22591
22594
22595
22612
22622
22636
22646
22662
22688
22690
22706
22723
22727
22734
22735
22738
22759
22768
22778
22781
22787
22811
22818
22883
22907
22913
22928
22932
22937
22943
22959
22967
22972
22979
23025
23073
23084
23086
23090
23092
23102
23120
23138
23171
23199
23211
23254
23266
23267
23276
23281
23299
23303
23314
23317
23322
23337
23346
23354
23385
23400
23404
23417
23427
23484
23500
23537
23555
23566
23589
23590
23591
23598
23599
23614
23621
23622
23626
23629
23644
23646
23671
23688
23695
23705
23726
23745
23780
23785
23789
23826
23846
23869
23898
23901
23939
23966
23996
24006
24013
24034
24044
24082
24125
24135
24155
24172
24177
24184
24190
24192
24222
24239
24263
24278
24317
24330
24331
24342
24355
24361
24374
24381
24437
24455
24464
24472
24475
24495
24497
24503
24513
24563
24569
24619
24639
24660
24690
24707
24751
24755
24756
24778
24793
24805
24840
24844
24861
24863
24882
24891
24899
24903
24911
24923
24936
24952
24975
24983
25016
25037
25040
25042
25059
25086
25099
25148
25149
25153
25154
25166
25175
25188
25197
25211
25216
25226
25259
25267
25279
25295
25299
25309
25331
25337
25353
25354
25369
25374
25381
25397
25497
25516
25535
25543
25550
25561
25569
25573
25586
25613
25641
25647
25656
25657
25661
25663
25666
25669
25697
25709
25720
25722
25751
25776
25789
25790
25809
25813
25828
25854
25867
25875
25886
25888
25889
25908
25921
25961
25985
26013
26036
26043
26074
26088
26098
26147
26164
26191
26223
26253
26286
26296
26323
26338
26342
26395
26404
26493
26531
26540
26566
26579
26582
26631
26656
26674
26676
26694
26695
26743
26817
26841
26860
26861
26878
26914
26946
26953
26962
26966
26980
27045
27046
27068
27094
27100
27101
27114
27122
27126
27149
27153
27156
27160
27190
27216
27256
27279
27300
27326
27328
27334
27389
27418
27419
27506
27524
27531
27533
27561
27577
27581
27583
27605
27641
27665
27671
27672
27674
27684
27693
27703
27713
27718
27732
27740
27751
27757
27780
27791
27796
27811
27822
27836
27849
27861
27888
27921
27928
27937
27953
27972
28001
28027
28028
28034
28058
28059
28086
28089
28092
28104
28115
28160
28169
28189
28213
28237
28260
28261
28264
28266
28298
28299
28303
28307
28315
28317
28334
28336
28352
28409
28420
28424
28435
28482
28486
28495
28525
28565
28575
28581
28584
28587
28606
28608
28626
28643
28665
28684
28700
28704
28709
28725
28728
28758
28762
28788
28794
28803
28817
28825
28867
28914
28916
28924
28933
28951
28960
28965
28985
28989
29025
29075
29076
29082
29121
29128
29143
29158
29161
29163
29164
29166
29169
29170
29179
29252
29272
29275
29309
29317
29344
29345
29349
29358
29364
29369
29442
29452
29486
29493
29502
29503
29505
29520
29528
29544
29574
29607
29616
29671
29673
29676
29697
29774
29795
29827
29851
29872
29921
30001
30025
30028
30036
30041
30053
30064
30079
30085
30087
30101
30112
30176
30191
30208
30213
30234
30238
30246
30248
30254
30265
30278
30282
30283
30293
30297
30306
30313
30322
30333
30355
30367
30370
30373
30420
30436
30443
30453
30530
30543
30548
30565
30581
30603
30645
30657
30671
30675
30690
30692
30707
30709
30733
30739
30748
30753
30773
30785
30800
30808
30820
30826
30863
30893
30923
30929
30935
30980
31046
31056
31062
31072
31077
31079
31090
31094
31109
31116
31119
31131
31142
31167
31188
31222
31229
31232
31270
31277
31291
31296
31317
31319
31320
31338
31357
31374
31380
31386
31388
31396
31421
31429
31438
31448
31528
31559
31568
31572
31602
31605
31612
31629
31676
31701
31717
31738
31740
31748
31752
31756
31760
31761
31777
31779
31821
31830
31835
31846
31862
31867
31899
31935
31936
31940
31956
31957
31958
31969
31980
32007
32010
32014
32025
32040
32064
32072
32106
32108
32109
32115
32133
32143
32190
32223
32241
32247
32265
32267
32305
32309
32316
32334
32344
32365
32406
32446
32475
32479
32494
32521
32650
32666
32672
32715
32738
32743
32752
32758
32762
32763
32779
32784
32817
32820
32838
32862
32888
32902
32905
32922
32937
32967
32985
33015
33021
33022
33035
33051
33083
33089
33099
33106
33114
33119
33124
33139
33170
33171
33179
33202
33239
33254
33271
33275
33290
33297
33309
33317
33338
33357
33404
33471
33510
33535
33571
33631
33640
33648
33655
33660
33666
33670
33707
33738
33739
33743
33751
33766
33787
33795
33813
33828
33843
33844
33859
33877
33891
33900
33907
33938
33939
33953
33957
33966
33967
33998
34018
34030
34083
34089
34092
34095
34099
34101
34113
34114
34126
34148
34172
34215
34232
34234
34254
34272
34291
34306
34323
34382
34391
34393
34405
34406
34414
34435
34442
34463
34511
34530
34554
34639
34646
34669
34715
34723
34727
34729
34749
34764
34779
34835
34852
34853
34866
34879
34933
34944
35047
35050
35068
35117
35148
35181
35185
35193
35222
35236
35252
35257
35281
35296
35297
35298
35304
35308
35322
35335
35358
35377
35380
35382
35390
35420
35427
35442
35449
35474
35496
35499
35505
35506
35540
35554
35557
35575
35580
35587
35593
35597
35652
35655
35684
35688
35691
35718
35720
35731
35754
35764
35786
35799
35837
35887
35891
35916
35922
35927
35932
35940
35978
35986
36012
36025
36031
36034
36084
36094
36098
36099
36141
36152
36154
36181
36200
36221
36247
36249
36278
36280
36288
36294
36298
36337
36360
36367
36379
36383
36393
36452
36455
36483
36504
36519
36520
36524
36525
36538
36603
36625
36662
36676
36721
36750
36785
36789
36811
36862
36866
36873
36896
36911
36916
36919
36923
36931
36935
36946
36962
36967
36974
37009
37011
37012
37037
37043
37045
37058
37068
37074
37084
37091
37115
37128
37163
37165
37166
37192
37214
37233
37285
37307
37336
37348
37351
37356
37367
37420
37443
37462
37470
37479
37483
37488
37522
37524
37599
37601
37615
37623
37635
37683
37688
37726
37739
37748
37758
37787
37790
37811
37826
37841
37847
37867
37878
37900
37970
37979
37986
38002
38014
38021
38044
38050
38053
38056
38069
38090
38098
38115
38121
38122
38140
38143
38171
38174
38211
38247
38270
38272
38278
38282
38295
38311
38326
38332
38335
38359
38376
38378
38406
38415
38426
38448
38476
38493
38494
38526
38545
38552
38565
38576
38584
38585
38608
38616
38627
38635
38653
38665
38669
38702
38724
38735
38740
38746
38751
38754
38761
38780
38840
38846
38859
38866
38886
38909
38912
38939
38940
38986
39003
39055
39099
39136
39150
39173
39192
39204
39219
39230
39234
39265
39287
39313
39314
39322
39330
39334
39352
39365
39367
39405
39406
39429
39433
39453
39471
39496
39503
39516
39518
39522
39524
39538
39539
39549
39561
39567
39575
39614
39640
39644
39650
39668
39683
39684
39685
39703
39714
39738
39747
39760
39821
39855
39872
39899
39912
39927
39930
39940
39942
39945
39962
39963
39974
39977
40018
40054
40101
40168
40189
40204
40215
40218
40233
40263
40268
40274
40289
40290
40310
40344
40365
40369
40376
40390
40415
40425
40458
40480
40491
40492
40519
40524
40569
40582
40602
40618
40635
40638
40642
40649
40659
40670
40691
40711
40725
40734
40771
40779
40803
40810
40817
40831
40832
40854
