1
25
26
27
29
61
69
80
82
130
137
141
142
145
165
167
220
226
234
265
284
286
287
293
307
338
345
365
368
373
391
404
408
414
422
433
456
458
468
469
487
498
505
515
516
517
528
530
537
552
575
591
594
601
605
631
633
660
676
706
708
709
727
770
777
781
783
802
821
859
868
887
927
937
944
978
1001
1016
1024
1061
1063
1065
1071
1098
1129
1131
1137
1149
1160
1168
1207
1271
1275
1292
1299
1325
1329
1335
1344
1401
1408
1433
1446
1469
1496
1500
1506
1510
1531
1581
1593
1594
1600
1605
1606
1619
1650
1659
1664
1670
1680
1690
1703
1724
1736
1737
1740
1760
1769
1781
1808
1827
1832
1841
1856
1864
1888
1893
1929
1968
1971
1974
1989
1996
2011
2046
2053
2063
2067
2073
2094
2125
2141
2184
2191
2229
2288
2289
2343
2344
2349
2350
2373
2389
2396
2400
2413
2431
2435
2444
2450
2461
2473
2477
2489
2517
2525
2531
2557
2562
2600
2612
2641
2654
2657
2663
2697
2700
2704
2707
2720
2726
2746
2754
2772
2793
2808
2812
2813
2818
2849
2877
2896
2915
2925
2931
2950
2960
2971
2983
3020
3036
3045
3052
3062
3073
3088
3094
3107
3127
3133
3148
3206
3211
3223
3286
3299
3321
3363
3388
3399
3422
3430
3446
3456
3469
3496
3543
3561
3568
3578
3587
3593
3599
3605
3624
3631
3664
3678
3708
3710
3712
3737
3746
3778
3783
3787
3801
3812
3865
3878
3909
3913
3923
3931
3932
3950
3964
3966
3967
3984
3987
4028
4033
4043
4064
4067
4098
4108
4120
4126
4132
4140
4147
4165
4175
4180
4210
4224
4231
4236
4290
4304
4328
4337
4347
4353
4369
4417
4455
4464
4479
4481
4485
4492
4499
4503
4518
4524
4546
4548
4568
4620
4624
4627
4629
4637
4641
4656
4699
4710
4725
4735
4783
4790
4802
4823
4845
4855
4869
4876
4882
4892
4902
4917
4922
4951
4954
4981
4984
4987
5008
5029
5034
5039
5083
5107
5118
5119
5124
5164
5166
5227
5255
5266
5290
5298
5305
5332
5361
5380
5435
5440
5460
5467
5488
5511
5560
5562
5570
5591
5595
5653
5673
5713
5746
5753
5756
5765
5785
5808
5818
5824
5832
5839
5868
5878
5902
5903
5926
5937
5939
5962
5971
5972
5975
5988
5995
5999
6005
6035
6060
6087
6089
6114
6219
6232
6240
6268
6300
6305
6310
6326
6341
6353
6365
6381
6388
6422
6440
6452
6467
6488
6526
6534
6592
6617
6625
6631
6640
6664
6691
6717
6723
6749
6788
6795
6859
6877
6899
6906
6919
6922
6925
6949
6958
6964
7035
7049
7055
7104
7108
7125
7150
7209
7226
7234
7253
7269
7275
7280
7286
7292
7294
7298
7310
7315
7323
7370
7391
7408
7413
7428
7437
7453
7494
7496
7500
7501
7505
7530
7534
7536
7543
7550
7551
7564
7565
7574
7594
7607
7623
7626
7639
7641
7647
7653
7683
7686
7715
7720
7741
7757
7758
7760
7769
7771
7773
7780
7781
7809
7822
7832
7851
7867
7875
7877
7880
7901
7915
7942
7950
7979
7982
7983
7987
8008
8026
8053
8064
8076
8080
8087
8102
8120
8125
8164
8175
8243
8261
8274
8276
8299
8305
8331
8349
8355
8359
8363
8365
8377
8382
8401
8402
8413
8420
8423
8425
8426
8442
8449
8452
8473
8485
8530
8551
8579
8602
8603
8609
8611
8613
8637
8647
8670
8677
8685
8699
8716
8755
8761
8767
8779
8786
8803
8819
8823
8834
8851
8886
8911
8922
8938
8968
8971
8975
9011
9013
9017
9039
9050
9057
9091
9122
9125
9177
9216
9219
9269
9302
9303
9308
9332
9338
9345
9346
9363
9374
9400
9419
9424
9425
9438
9445
9477
9478
9482
9532
9552
9554
9570
9579
9583
9587
9602
9606
9616
9639
9687
9692
9698
9721
9725
9761
9797
9799
9805
9819
9839
9852
9898
9974
9980
9983
10003
10008
10015
10021
10035
10062
10097
10098
10107
10137
10166
10174
10188
10200
10247
10255
10269
10288
10300
10318
10334
10337
10349
10371
10374
10380
10430
10433
10481
10487
10488
10523
10527
10564
10611
10625
10641
10708
10719
10724
10763
10774
10789
10799
10805
10819
10822
10827
10846
10869
10883
10908
10939
10962
10963
10981
10998
11017
11042
11078
11109
11118
11120
11125
11130
11138
11143
11163
11175
11196
11210
11219
11223
11240
11248
11268
11272
11316
11318
11325
11329
11339
11356
11402
11405
11411
11447
11453
11472
11504
11506
11524
11547
11558
11564
11569
11629
11652
11713
11734
11757
11828
11831
11861
11871
11905
11912
11915
11951
11967
12010
12037
12041
12048
12067
12079
12080
12094
12097
12113
12114
12160
12161
12211
12212
12232
12236
12247
12249
12317
12327
12337
12404
12409
12426
12472
12480
12485
12494
12496
12498
12502
12541
12543
12550
12591
12600
12605
12607
12613
12637
12638
12654
12696
12703
12712
12727
12743
12750
12782
12794
12810
12818
12846
12853
12864
12877
12878
12903
12905
12912
12914
12920
13048
13049
13050
13051
13092
13107
13114
13133
13148
13153
13173
13214
13243
13266
13277
13300
13305
13307
13312
13356
13374
13385
13386
13435
13457
13465
13468
13480
13493
13538
13557
13563
13587
13603
13607
13619
13630
13672
13689
13708
13721
13765
13767
13768
13786
13789
13803
13808
13818
13837
13839
13854
13881
13902
13913
13920
13927
13944
13956
13965
13966
13981
14031
14036
14109
14119
14125
14133
14143
14146
14164
14170
14206
14207
14233
14252
14260
14294
14318
14334
14335
14339
14342
14349
14378
14390
14422
14426
14458
14465
14468
14496
14507
14511
14521
14528
14535
14552
14566
14588
14594
14595
14623
14726
14739
14786
14793
14800
14802
14824
14826
14828
14834
14869
14870
14887
14953
14955
14961
14966
14972
15018
15029
15041
15048
15061
15067
15074
15075
15081
15093
15115
15154
15158
15159
15166
15195
15214
15216
15217
15244
15275
15342
15356
15359
15362
15366
15367
15370
15396
15402
15410
15427
15434
15437
15461
15538
15545
15550
15559
15576
15584
15623
15637
15645
15658
15669
15680
15690
15714
15724
15727
15747
15756
15779
15784
15826
15870
15873
15876
15894
15914
15923
15929
15971
15983
15999
16020
16042
16046
16054
16057
16063
16112
16128
16136
16142
16149
16162
16163
16165
16177
16201
16203
16224
16234
16248
16306
16330
16349
16356
16386
16408
16424
16441
16484
16491
16504
16536
16542
16546
16565
16576
16578
16599
16604
16613
16614
16633
16652
16653
16667
16681
16684
16696
16698
16710
16711
16714
16733
16755
16760
16776
16788
16814
16828
16864
16868
16871
16891
16910
16926
16934
16941
16963
16980
16992
17025
17026
17042
17080
17087
17124
17129
17162
17184
17189
17194
17257
17286
17309
17335
17345
17346
17385
17398
17404
17423
17441
17459
17461
17466
17479
17495
17526
17534
17547
17569
17571
17576
17578
17607
17613
17668
17677
17691
17697
17712
17740
17781
17821
17826
17827
17851
17858
17860
17863
17864
17882
17899
17921
17927
17943
17950
17997
18000
18020
18024
18028
18040
18058
18123
18152
18161
18170
18174
18226
18251
18257
18284
18309
18343
18364
18385
18399
18496
18542
18565
18566
18575
18576
18582
18594
18598
18615
18634
18653
18682
18702
18712
18734
18737
18777
18792
18820
18856
18857
18901
18916
18932
18936
18945
18946
18961
18971
18985
18990
19000
19010
19017
19024
19025
19044
19048
19068
19075
19091
19107
19140
19155
19170
19172
19183
19209
19215
19228
19231
19253
19257
19273
19284
19292
19318
19348
19350
19352
19368
19379
19398
19399
19411
19443
19447
19453
19455
19460
19481
19494
19500
19501
19516
19520
19534
19537
19547
19559
19567
19574
19627
19628
19643
19687
19705
19710
19714
19718
19743
19787
19789
19811
19832
19838
19844
19852
19856
19884
19888
19891
19916
19919
19971
19981
19984
19988
19998
20006
20023
20025
20032
20037
20047
20080
20092
20126
20137
20148
20171
20177
20190
20230
20232
20248
20256
20287
20332
20333
20349
20378
20423
20450
20464
20472
20488
20497
20543
20547
20578
20589
20669
20671
20677
20702
20721
20722
20723
20744
20746
20754
20758
20766
20806
20822
20824
20826
20831
20843
20875
20888
20889
20897
20905
20919
20922
20930
20943
20946
20966
20972
21007
21020
21055
21061
21091
21108
21121
21132
21136
21153
21156
21164
21171
21178
21198
21207
21224
21234
21235
21237
21291
21295
21309
21323
21332
21350
21358
21376
21406
21438
21449
21450
21466
21467
21472
21475
21492
21512
21513
21535
21559
21572
21593
21603
21609
21623
21635
21638
21663
21667
21673
21690
21711
21731
21754
21759
21796
21801
21805
21809
21827
21831
21888
21910
21944
21951
21982
21983
21995
22077
22078
22089
22099
22158
22177
22179
22187
22198
22206
22270
22283
22291
22298
22303
22310
22333
22345
22358
22368
22392
22448
22487
22488
22518
22532
22537
22549
22550
22586
22590
22604
22624
22631
22644
22655
22697
22698
22720
22731
22739
22757
22782
22790
22803
22810
22816
22831
22882
22902
22903
22909
22940
22958
22984
23006
23008
23021
23023
23054
23106
23122
23148
23150
23153
23173
23194
23229
23261
23285
23295
23316
23328
23334
23360
23448
23455
23463
23474
23497
23508
23522
23528
23541
23544
23588
23686
23687
23691
23692
23698
23701
23713
23715
23735
23753
23786
23806
23844
23894
23930
23965
23997
24002
24008
24023
24029
24042
24064
24070
24090
24091
24159
24170
24205
24208
24219
24322
24325
24333
24378
24408
24414
24439
24445
24452
24458
24473
24479
24486
24492
24507
24509
24519
24522
24524
24541
24543
24559
24587
24608
24616
24647
24676
24677
24680
24703
24706
24719
24724
24740
24749
24753
24769
24787
24792
24852
24855
24893
24918
24950
24985
25015
25062
25072
25073
25082
25097
25152
25156
25185
25207
25210
25217
25218
25219
25220
25268
25269
25304
25321
25378
25403
25404
25419
25441
25444
25462
25466
25483
25485
25487
25488
25494
25505
25517
25525
25528
25533
25542
25559
25564
25638
25678
25683
25714
25715
25739
25757
25777
25797
25798
25807
25834
25838
25843
25852
25857
25860
25895
25904
25910
25920
25930
25944
25945
25947
25976
25977
26006
26011
26021
26028
26031
26034
26047
26081
26084
26105
26124
26132
26146
26205
26209
26213
26224
26236
26252
26261
26276
26288
26290
26299
26303
26353
26360
26362
26409
26419
26468
26471
26500
26509
26526
26532
26538
26574
26581
26595
26600
26618
26625
26646
26705
26722
26738
26741
26742
26794
26798
26800
26803
26806
26827
26834
26857
26866
26869
26895
26897
26937
26947
26963
26988
27018
27041
27042
27043
27057
27091
27096
27119
27128
27142
27144
27157
27167
27170
27181
27182
27187
27196
27211
27245
27247
27257
27264
27280
27294
27308
27323
27329
27341
27365
27385
27394
27396
27420
27422
27434
27472
27516
27528
27530
27536
27541
27580
27588
27592
27616
27627
27633
27660
27673
27687
27694
27697
27698
27710
27790
27794
27818
27828
27863
27887
27905
27927
27935
27954
27967
27973
27992
28037
28070
28081
28085
28096
28132
28155
28161
28200
28222
28224
28241
28243
28289
28290
28300
28343
28423
28453
28454
28457
28458
28514
28522
28538
28544
28556
28563
28577
28597
28618
28629
28633
28634
28655
28678
28681
28718
28734
28740
28792
28798
28802
28824
28833
28834
28837
28852
28869
28877
28883
28902
28909
28932
28936
28967
28994
29012
29024
29105
29114
29174
29184
29185
29218
29221
29225
29235
29238
29265
29271
29287
29320
29338
29343
29375
29378
29385
29395
29402
29422
29441
29464
29490
29494
29498
29513
29517
29540
29568
29589
29598
29633
29635
29638
29649
29692
29732
29753
29781
29840
29900
29918
29929
29938
29940
29942
29967
29970
29980
29985
29990
30010
30023
30024
30026
30032
30047
30063
30109
30119
30124
30132
30160
30163
30171
30173
30181
30210
30232
30235
30253
30256
30298
30308
30311
30351
30384
30400
30421
30423
30427
30432
30437
30447
30475
30493
30500
30515
30518
30521
30526
30533
30631
30633
30691
30693
30741
30762
30768
30770
30819
30823
30835
30843
30871
30874
30887
30900
30926
30942
30950
30962
30964
30970
31006
31060
31091
31107
31134
31156
31163
31181
31195
31205
31245
31254
31275
31278
31289
31318
31334
31342
31344
31350
31352
31378
31381
31404
31414
31430
31444
31453
31468
31483
31487
31490
31508
31510
31533
31552
31553
31570
31581
31614
31625
31627
31651
31672
31680
31682
31693
31718
31724
31735
31737
31775
31823
31847
31848
31849
31881
31944
31945
31978
31987
32017
32024
32035
32063
32066
32070
32077
32099
32111
32112
32127
32169
32179
32224
32237
32268
32287
32362
32366
32371
32411
32415
32431
32437
32445
32455
32474
32498
32508
32511
32512
32541
32544
32545
32571
32606
32662
32690
32691
32692
32702
32704
32710
32714
32717
32726
32733
32741
32746
32768
32804
32810
32836
32837
32855
32876
32895
32904
32918
32926
32976
32977
33004
33009
33054
33056
33058
33061
33066
33067
33074
33079
33100
33104
33122
33130
33159
33164
33188
33225
33288
33293
33298
33308
33349
33350
33354
33372
33381
33382
33392
33401
33409
33414
33462
33481
33484
33537
33538
33596
33601
33629
33642
33647
33676
33682
33696
33703
33711
33746
33755
33780
33801
33805
33822
33823
33825
33911
33912
33913
33917
33933
33983
33995
34006
34010
34031
34044
34048
34068
34069
34084
34102
34105
34128
34130
34137
34185
34197
34240
34245
34249
34284
34289
34296
34303
34320
34324
34332
34336
34358
34411
34447
34464
34483
34523
34538
34561
34564
34574
34644
34647
34681
34692
34694
34701
34704
34735
34737
34744
34758
34762
34765
34799
34827
34828
34849
34858
34865
34869
34935
34948
34949
34974
34975
34998
35027
35046
35060
35062
35072
35077
35105
35107
35127
35129
35136
35142
35214
35235
35263
35292
35314
35318
35329
35332
35345
35349
35352
35429
35432
35446
35464
35562
35617
35623
35624
35637
35643
35656
35667
35672
35703
35708
35711
35732
35756
35774
35780
35823
35862
35897
35925
35939
35947
35962
35967
35991
36003
36024
36032
36035
36044
36049
36071
36081
36083
36086
36187
36193
36207
36229
36230
36250
36272
36277
36316
36320
36321
36323
36331
36404
36430
36433
36451
36472
36486
36498
36528
36533
36535
36542
36546
36549
36552
36564
36566
36612
36615
36647
36690
36704
36714
36729
36751
36780
36790
36806
36820
36851
36871
36875
36884
36891
36893
36907
36914
36926
36955
36964
36978
36991
36994
37002
37018
37039
37047
37070
37100
37109
37122
37131
37133
37153
37160
37162
37168
37169
37185
37188
37209
37229
37256
37258
37283
37287
37301
37317
37329
37352
37354
37370
37373
37405
37412
37439
37482
37490
37502
37503
37528
37537
37546
37548
37562
37575
37577
37580
37619
37620
37640
37643
37654
37656
37667
37734
37736
37740
37750
37755
37832
37870
37886
37892
37904
37926
37933
37938
37948
37965
37974
37993
38001
38007
38025
38031
38033
38064
38080
38086
38095
38150
38193
38194
38195
38212
38213
38214
38228
38343
38361
38372
38377
38394
38408
38409
38416
38420
38428
38458
38462
38467
38499
38513
38536
38582
38586
38673
38674
38676
38679
38686
38749
38770
38813
38816
38847
38856
38858
38868
38877
38898
38908
38919
38928
38933
38945
38967
38974
38980
38998
39017
39035
39060
39061
39079
39097
39103
39104
39126
39155
39161
39185
39263
39278
39297
39346
39348
39381
39399
39432
39436
39437
39440
39458
39494
39495
39566
39569
39592
39603
39606
39615
39626
39646
39659
39662
39672
39717
39741
39748
39775
39776
39799
39809
39810
39835
39844
39887
39902
39909
39917
39924
39936
39953
39955
39967
39981
40001
40029
40038
40068
40072
40103
40111
40115
40136
40149
40154
40155
40175
40183
40190
40211
40235
40255
40258
40312
40321
40327
40328
40336
40351
40377
40402
40473
40481
40504
40515
40522
40532
40543
40547
40551
40560
40567
40617
40640
40646
40672
40683
40688
40702
40713
40720
40763
40764
40778
40783
40797
40808
40820
40826
40834
